trucks_count 15
drones_count 15
customers 1000
depot 0 0
Coordinate X         Coordinate Y         Dronable Demand
X	Y	Dronable	Demand	Drone_service	Truck_service	Lw
-5094.895031424	-5847.467738112	1.0	0.958797	60	60	2400.0
-10764.172983168	-8599.862798208	1.0	18.786778	60	60	2800.0
-211.01396659200003	14185.068619392	1.0	0.248757	60	60	3700.0
-15587.59904064	-6569.759028095999	1.0	1.948815	60	60	3500.0
-1302.918465024	7234.649845632	1.0	19.652785	60	60	1900.0
10463.827549824	-5051.9207185919995	1.0	1.77145	60	60	3500.0
-9803.3994432	10698.640495488002	1.0	56.882998	60	60	4600.0
-13756.606528896002	11643.972379776002	1.0	4.708903	60	60	4900.0
-6448.927871232	1634.464250496	1.0	12.04514	60	60	1400.0
-5731.474269312001	2938.129451136	1.0	1.635211	60	60	1800.0
12539.472536448002	-4150.720265472	1.0	43.7171	60	60	3800.0
13107.598327296	11912.290258176	1.0	1.084907	60	60	5300.0
147.683061504	5650.5001259519995	1.0	0.56987	60	60	1400.0
15186.000120192	-4991.592849408	1.0	1.167046	60	60	3700.0
-3747.2416312320006	4035.190287744	1.0	1.798969	60	60	1200.0
-14835.678118272	-12072.474703872	1.0	0.81682	60	60	4000.0
-11564.663907456	8089.675000704	1.0	1.795927	60	60	3300.0
-8185.677198336001	-12792.223230336	1.0	27.057861	60	60	3700.0
8081.758637568001	-2846.604448512	1.0	41.110711	60	60	2600.0
-7345.429039872	-15508.766934144	1.0	40.519739	60	60	5300.0
-6255.7760136960005	-3479.3695411199997	1.0	0.326498	60	60	1500.0
-8432.901404928001	13304.334193920002	1.0	0.761746	60	60	3600.0
13705.863912576002	15318.21094848	1.0	1.044313	60	60	4200.0
-6536.598494976	3608.297307648	1.0	1.762168	60	60	1700.0
563.392710144	4778.990460288	1.0	1.276599	60	60	1200.0
3.345826176	-9386.701657344	1.0	0.488682	60	60	2100.0
4011.851581056	3196.384101504	1.0	2.010219	60	60	1400.0
-10902.904873344	-9514.889125632	1.0	1.758053	60	60	3600.0
9152.20253376	-10811.99142144	1.0	24.715493	60	60	3900.0
3969.982887552	-2910.46643712	1.0	1.10873	60	60	1600.0
7485.705900288	14322.91215168	1.0	0.377245	60	60	3200.0
-2052.504229248	5005.149963264001	1.0	1.40676	60	60	1200.0
13611.237704064	-6123.914413056	1.0	33.519742	60	60	3100.0
-3610.025743104	-12171.896757504	1.0	1.229819	60	60	2700.0
9091.477156608	13511.049602688	1.0	0.290141	60	60	4400.0
15126.378753024	-2074.853189376	1.0	0.762128	60	60	4500.0
-10867.40918208	-6833.244046463999	1.0	1.171319	60	60	2500.0
10600.975845504	-3628.180752768	1.0	0.59538	60	60	2800.0
-8046.829435392	-15015.240675072	1.0	29.159762	60	60	4900.0
-4261.596020352	-8415.25172928	1.0	1.073715	60	60	2400.0
13283.237303424	-3076.420381056	1.0	1.75861	60	60	4300.0
-15.782836608	1934.927165952	1.0	25.618855	60	60	1200.0
13806.882435455998	6801.211663488	1.0	0.291392	60	60	4400.0
-1283.831645184	-12481.867677312	1.0	1.791336	60	60	3400.0
7773.685134336	8408.95114752	1.0	1.348736	60	60	2200.0
-13280.150581632	-15371.505984384	1.0	0.739521	60	60	5100.0
379.430206848	252.156845952	1.0	29.09055	60	60	1200.0
-9296.269399296	-8700.112054656001	1.0	0.875092	60	60	2900.0
712.603039104	4765.280458752	1.0	1.691834	60	60	1200.0
-14635.260072575998	15107.864859648	1.0	11.510732	60	60	5200.0
-4472.518254336001	7547.551380864	1.0	22.537057	60	60	2100.0
-3610.162537344	6245.756237952	1.0	1.337656	60	60	1600.0
-7732.073935872	13652.889136127998	1.0	0.316497	60	60	4300.0
-1254.85379712	8963.350843392001	1.0	1.109077	60	60	2500.0
-13206.281692032002	-2251.382132736	1.0	1.810228	60	60	3800.0
6004.134157824	-9169.161800832	1.0	1.638373	60	60	3500.0
-12326.173301376	-1449.885368448	1.0	2.027065	60	60	3200.0
8096.947626239999	-11501.191380096	1.0	0.510411	60	60	4200.0
16054.933226112	-13674.092243328	1.0	35.9511	60	60	5600.0
4790.88029376	-11740.34150784	1.0	1.699574	60	60	3800.0
10893.776674176	-12203.1727488	1.0	51.756696	60	60	3300.0
14086.795637376	11742.50607552	1.0	1.695506	60	60	4500.0
-4174.277842944	-14243.196515328002	1.0	0.241588	60	60	4200.0
11837.051816832	10706.597092224	1.0	2.135633	60	60	4600.0
791.139026304	1109.2001184	1.0	18.252554	60	60	1200.0
-9055.534067712	-639.777004416	1.0	0.968887	60	60	2200.0
-1470.866386176	11438.62974144	1.0	1.165565	60	60	2900.0
-1628.248963968	9455.79723264	1.0	0.245109	60	60	2900.0
1715.409425664	2759.9895544319997	1.0	9.497484	60	60	1200.0
5204.114771328001	-8521.119205632	1.0	1.181258	60	60	3000.0
8377.852184064	1569.636655488	1.0	1.699957	60	60	1900.0
-5102.866112256001	8857.264496256	1.0	0.587389	60	60	2800.0
-10957.897767168	-1332.927902592	1.0	1.519393	60	60	2300.0
8549.973134208	-5996.502648576	1.0	1.233903	60	60	2200.0
-320.64569856	-14249.641938048	1.0	14.837423	60	60	3400.0
12915.233438976002	-12984.79894272	1.0	2.241454	60	60	3900.0
12237.582132864	11426.086514304	1.0	1.158385	60	60	5000.0
1606.8543448320002	12785.874368256	1.0	0.386882	60	60	3800.0
-3747.833869824	-15506.315903232	1.0	23.881891	60	60	3900.0
4528.599064704	-1928.457603072	1.0	0.754316	60	60	1300.0
7479.077012352	-5553.004457088	1.0	1.544421	60	60	2900.0
-11950.79542272	10446.636537216	1.0	1.009973	60	60	4600.0
2813.091469056	-4747.551925248	1.0	1.99478	60	60	1800.0
9258.914915712	-5452.80348096	1.0	0.899744	60	60	2700.0
-15613.105533696002	6346.940523264	1.0	1.437864	60	60	4400.0
-8817.00836544	15121.290007296002	1.0	1.902801	60	60	4600.0
8086.506202367999	-8893.41197184	1.0	1.833981	60	60	2600.0
9088.445152512	-1165.6848741120002	1.0	1.076911	60	60	1900.0
6162.244159104001	-1152.694249344	1.0	2.203038	60	60	1300.0
8627.33912832	-8790.927336576	1.0	1.448517	60	60	3300.0
7475.803606656	796.2342094080001	1.0	29.655807	60	60	2200.0
1672.676514432	-15908.82410304	1.0	1.423311	60	60	4100.0
11850.576743808	14551.762477824	1.0	0.693978	60	60	4100.0
14322.915370368	-8383.600760832	1.0	2.127596	60	60	4400.0
-9775.335702528	-2961.6435763199997	1.0	46.634779	60	60	2500.0
-1093.311065088	-2127.792560256	1.0	0.708747	60	60	1200.0
-2942.341104384	9636.080775552	1.0	0.326535	60	60	2600.0
12321.343660032	9774.754729344	1.0	26.410996	60	60	3100.0
16064.650445184	-13738.803965568	1.0	42.215966	60	60	5300.0
1886.155996032	2251.573644672	1.0	0.998019	60	60	1200.0
9837.052435584	-5787.17688384	1.0	1.448517	60	60	3600.0
-11160.481989888	-2823.507143424	1.0	1.644841	60	60	3700.0
-6080.72927616	253.249590528	1.0	1.420588	60	60	1800.0
-7236.725899392	11477.268481536	1.0	12.353826	60	60	3600.0
-3838.457639808	-5140.069317504	1.0	0.939234	60	60	2000.0
-14636.880681984	-13663.642772736002	1.0	2.268818	60	60	4900.0
1258.412056704	5355.758428416	1.0	33.652685	60	60	1300.0
6499.477366272	-921.383236224	1.0	1.48038	60	60	1700.0
-4135.0710044160005	-6675.584661504	1.0	0.957358	60	60	1500.0
-10495.390004352	-1723.177729152	1.0	57.67869	60	60	3200.0
-10942.25977152	-1517.82865344	1.0	0.682209	60	60	2400.0
-12400.087252608	-7639.256630016	1.0	14.854833	60	60	3700.0
-13920.619603968002	-5145.0293157119995	1.0	0.986859	60	60	3900.0
-14720.58105408	5560.143507072	1.0	0.482829	60	60	4000.0
-583.69297536	-1168.716878208	1.0	1.62391	60	60	1200.0
4984.33148928	12987.71185536	1.0	1.521466	60	60	3200.0
2723.861390976	-12457.909373184	1.0	0.603489	60	60	4000.0
6823.238754816	-5316.641713152	1.0	0.203393	60	60	1700.0
-4899.222941184001	14967.934008192002	1.0	7.945905	60	60	3500.0
-14555.124397440002	-7920.186937344001	1.0	21.958822	60	60	4800.0
-10469.317022208	-14198.995882368	1.0	0.592999	60	60	4200.0
-1411.4767645440002	-4618.146183552	1.0	2.147983	60	60	1200.0
606.7114225920001	11060.886127104	1.0	0.696457	60	60	3000.0
-12157.922823552	-2347.146147456	1.0	33.364177	60	60	2700.0
11334.548636928	12630.001355136	1.0	0.759582	60	60	3800.0
-12133.615291776	-9279.038153088	1.0	1.435074	60	60	3400.0
626.4918696960001	6024.567998592001	1.0	0.325388	60	60	1600.0
3955.458557952	13541.528968704	1.0	2.16333	60	60	3900.0
7886.847767040001	4120.937745408	1.0	1.840295	60	60	2400.0
11712.052459008	-5834.5881580800005	1.0	0.824745	60	60	2600.0
-2112.954408576	5049.865586304	1.0	2.252637	60	60	1200.0
2308.124383488	151.114182912	1.0	1.331694	60	60	1200.0
-1019.79301248	-7319.568491136	1.0	1.747281	60	60	1800.0
-9232.013121408	15168.918542976	1.0	2.242489	60	60	3700.0
6537.070032768001	9327.777136128	1.0	1.572748	60	60	3400.0
-448.046197632	1957.865145984	1.0	2.077573	60	60	1200.0
11705.3221824	-147.97274342400002	1.0	1.905597	60	60	2800.0
6748.705206144	-294.31039334400003	1.0	11.255566	60	60	1900.0
-8951.586538752	-14936.070606336	1.0	1.295524	60	60	3800.0
5460.710188032	14793.204311424	1.0	1.05074	60	60	4500.0
-4150.36138176	3760.066493568	1.0	2.02233	60	60	1200.0
1711.3764096	13049.27731008	1.0	1.324158	60	60	3500.0
15198.78957696	8158.477675392	1.0	0.551266	60	60	3600.0
-2483.911419264	-155.5833312	1.0	1.020873	60	60	1200.0
6289.927902720001	15471.79869312	1.0	36.60265	60	60	3400.0
8014.838895360001	-2665.094585472	1.0	0.773006	60	60	1900.0
-5359.290938496	1898.393447808	1.0	0.247283	60	60	1200.0
-4572.730495872	-7716.786777216001	1.0	1.453652	60	60	2000.0
1660.3682515200005	-13732.279684992	1.0	2.224028	60	60	4400.0
-9326.434943232	-3961.200697344	1.0	1.143513	60	60	2400.0
-263.299943808	-12577.27280832	1.0	1.042409	60	60	3900.0
4749.46382592	-4996.929434112	1.0	7.994142	60	60	1900.0
-7626.943539071999	2905.5096576	1.0	1.615936	60	60	1700.0
10187.676994176	211.042934784	1.0	0.311918	60	60	2300.0
1817.668752768	7787.947140864	1.0	46.352124	60	60	1500.0
-5558.693488128	5743.737470592	1.0	41.155331	60	60	2300.0
5727.230429184	-2543.537614464	1.0	1.435785	60	60	1500.0
-4643.686472832001	-959.085338112	1.0	2.178017	60	60	1200.0
14668.652351232	-11589.69886272	1.0	1.133527	60	60	4500.0
3139.2443427840003	11382.054862464	1.0	1.520286	60	60	2300.0
1151.789798016	2487.54692736	1.0	0.270243	60	60	1200.0
14041.342934784	-2327.1918912	1.0	49.552206	60	60	3700.0
11945.132141184002	-6949.866768768	1.0	1.890836	60	60	4300.0
10117.4226912	10801.356876288	1.0	1.088998	60	60	4000.0
-15198.570706176	14868.441143424	1.0	6.25882	60	60	5400.0
-4565.976079104	-7750.594266624001	1.0	24.503634	60	60	2600.0
8069.38761024	-8994.477165696	1.0	1.791322	60	60	2400.0
2513.211136128	1740.590831232	1.0	17.724579	60	60	1200.0
7025.993568000001	8594.872222464	1.0	1.730521	60	60	2700.0
-11887.70913792	1716.943130496	1.0	0.257661	60	60	3500.0
-13344.952427136	13633.585054848	1.0	30.04284	60	60	5000.0
10428.328639872	7888.658279040001	1.0	17.51941	60	60	3600.0
5461.127008128001	-13375.06486272	1.0	0.505574	60	60	2900.0
5771.741665536	897.5311488	1.0	2.217641	60	60	1400.0
10827.647119872	-10192.888050048	1.0	1.703797	60	60	3300.0
2195.1725748480003	11444.305897728002	1.0	1.081346	60	60	2300.0
1542.070202112	5368.638008448	1.0	0.262483	60	60	1500.0
-13501.641377664	-13585.151847168	1.0	0.601794	60	60	5000.0
-12775.545598464	5849.616212352001	1.0	0.320881	60	60	4400.0
2783.267106048	158.94686016	1.0	0.459503	60	60	1200.0
13726.672730496	12484.215710208	1.0	1.767702	60	60	4200.0
-2475.30786624	8449.432586496	1.0	0.483441	60	60	2100.0
-6415.216942464001	3639.531456	1.0	0.690472	60	60	2200.0
10174.06355328	11693.564315136	1.0	1.892804	60	60	3500.0
9160.65158976	-2268.495896832	1.0	1.948155	60	60	2200.0
-8452.554713856	8772.96866688	1.0	1.856763	60	60	3800.0
324.657793152	-11348.928125568002	1.0	0.378805	60	60	3400.0
1436.304114432	-12687.453326592	1.0	1.014556	60	60	3700.0
13819.440146688	-4449.091033728	1.0	0.872443	60	60	4000.0
-12201.099913728	11042.01495936	1.0	1.435947	60	60	3500.0
-987.403355136	-9026.38401984	1.0	1.083088	60	60	2100.0
11686.314220416	-7678.540717056	1.0	0.791826	60	60	2800.0
-1938.892589568	-6266.299514112	1.0	1.960283	60	60	1300.0
-9022.550562432	-2408.02924032	1.0	1.44044	60	60	2800.0
-14056.853792256	-2460.439137024	1.0	1.841918	60	60	3700.0
-11900.620904832	-2242.163810304	1.0	1.446726	60	60	3700.0
-3214.7467165440003	-5752.56794112	1.0	2.043542	60	60	1500.0
-6224.678659584	-10558.635614208	1.0	5.426274	60	60	3400.0
14052.48603264	-11855.585022336	1.0	1.943463	60	60	4700.0
4105.224110592	9551.535497856	1.0	1.148174	60	60	3100.0
-3823.426366848	-212.349722112	1.0	56.12798	60	60	1200.0
-15146.415085824	2374.3730292480004	1.0	1.648605	60	60	4300.0
1670.6020700160002	15774.506643456	1.0	0.275205	60	60	3500.0
15709.646861568	7364.200428288001	1.0	2.266051	60	60	5000.0
13627.962006912	15762.267582336	1.0	0.69837	60	60	4500.0
3876.156523008001	4040.04889728	1.0	1.061778	60	60	1200.0
-12650.07953088	-2280.340668672	1.0	0.289585	60	60	3700.0
2788.482989952	10678.711988736	1.0	1.235748	60	60	2600.0
-936.602802432	4893.269977728	1.0	1.855928	60	60	1200.0
341.82305625600003	7212.173747328	1.0	0.370248	60	60	1600.0
10465.779684096	-15581.011995648	1.0	1.123701	60	60	5800.0
14881.99021056	7148.725360128	1.0	27.929751	60	60	4400.0
-11637.502816896	9924.412455936	1.0	0.374431	60	60	4000.0
-573.8486181119999	-4743.996884352	1.0	49.421768	60	60	1200.0
5290.430327424	2220.474681216	1.0	0.485792	60	60	1200.0
15731.562908160002	11142.35755776	1.0	1.126928	60	60	5000.0
-9458.586225792	-9846.191900160002	1.0	0.664615	60	60	3600.0
9945.934213248	-15161.016663936	1.0	0.674004	60	60	4000.0
-14593.212741888	-8709.117943680001	1.0	0.921834	60	60	4500.0
-5630.924065536	10304.93540736	1.0	2.256413	60	60	3700.0
-5913.106442496	-9896.776800768	1.0	1.083415	60	60	2500.0
10093.601181312	8300.975430528	1.0	22.439364	60	60	3500.0
13358.704271616	15453.334689408	1.0	0.403808	60	60	6200.0
13759.297352064	5617.3927011840005	1.0	0.255674	60	60	4400.0
-8751.020433408	7115.53746816	1.0	19.87821	60	60	3200.0
-9967.019838336	-11620.659422592	1.0	51.914543	60	60	4700.0
-3096.467979264	-4538.276050176	1.0	0.554779	60	60	1300.0
-3744.544370688	-307.791868032	1.0	1.535183	60	60	1200.0
10528.531225344	11089.471295232	1.0	2.143577	60	60	3800.0
-13260.518194176	-10407.5069472	1.0	1.90442	60	60	4700.0
-2262.130941312	9231.651019008	1.0	0.904514	60	60	2600.0
1833.258468096	-15867.364182912	1.0	54.918551	60	60	3500.0
14044.534263936002	-11191.025729664	1.0	0.518434	60	60	4700.0
10506.676333824002	6197.762381184	1.0	0.404397	60	60	2700.0
-9233.778571776	-3392.864082432	1.0	0.637851	60	60	1900.0
-21.53302272	15837.712019712002	1.0	1.834116	60	60	4600.0
-323.15949388800004	-8313.789027456001	1.0	0.331931	60	60	2500.0
6377.0674429440005	-11385.244582272	1.0	43.899305	60	60	3600.0
488.973424896	14318.534736	1.0	39.614353	60	60	4300.0
-11364.717399552	5092.14949056	1.0	2.17992	60	60	3400.0
1977.998039424	-11001.679970688	1.0	1.423449	60	60	2500.0
5118.866210304	13982.997777408	1.0	1.198518	60	60	4600.0
2987.2916916480003	7186.092718464	1.0	1.808592	60	60	2400.0
-12688.388355456	-15736.35875328	1.0	36.820182	60	60	4100.0
11067.283269504	-1368.742243968	1.0	6.929468	60	60	2500.0
9314.1186336	-1750.264598016	1.0	0.711241	60	60	1900.0
6736.929636096001	8982.848045952	1.0	1.962966	60	60	2600.0
-8299.415976192	1444.883527296	1.0	56.809706	60	60	1900.0
11656.456061184	1036.543064832	1.0	2.225716	60	60	3600.0
-5144.684916096	12183.859011456	1.0	0.589536	60	60	4200.0
9572.637216384	3931.545315456	1.0	1.998515	60	60	2400.0
-3247.4646800640003	5937.187056768001	1.0	1.249358	60	60	1600.0
-14268.522761856	-7175.728543104	1.0	0.454918	60	60	5000.0
2940.063882624	-634.414670208	1.0	1.886563	60	60	1200.0
9057.433093632	-4970.00028096	1.0	2.132257	60	60	2700.0
-639.791488512	-10390.111547904	1.0	1.231112	60	60	2200.0
-2658.843893376	6204.038822784	1.0	1.053573	60	60	1500.0
-15008.993201664	10056.256353792	1.0	1.352008	60	60	4700.0
34.546178304	-15803.859468672	1.0	38.165811	60	60	3300.0
13702.604990976002	10404.125715456	1.0	1.152435	60	60	4600.0
-14511.80085696	2382.051209472	1.0	1.715252	60	60	4600.0
10085.902079616	14746.036048128002	1.0	0.232107	60	60	5600.0
-2759.690216448	-8149.351085568001	1.0	0.828665	60	60	2300.0
-11179.990457856	4792.523433984001	1.0	2.116118	60	60	3300.0
12367.456193664	8386.405847424	1.0	1.186412	60	60	4100.0
-15228.126308736002	2909.478299904	1.0	2.191955	60	60	4600.0
5498.948201472001	12826.148201856	1.0	1.08816	60	60	3300.0
314.372475648	-12633.244183296	1.0	0.826851	60	60	3100.0
-10721.382135552	-2786.53085568	1.0	48.457344	60	60	3500.0
5868.712688256001	11361.728847744	1.0	15.271955	60	60	2500.0
-7083.493819776	9262.830449664	1.0	30.307601	60	60	3600.0
7414.17538752	15126.026306688002	1.0	2.195747	60	60	3400.0
8370.555418368	4929.88738176	1.0	1.531451	60	60	3000.0
-7687.792835712	7607.407712256	1.0	1.404026	60	60	3100.0
957.717395712	13162.721577984	1.0	1.044602	60	60	2700.0
-4380.920831232	-7591.629703680001	1.0	1.233956	60	60	2500.0
-11892.966864768	-8861.633865216	1.0	0.897526	60	60	2900.0
-11476.404263808	10613.10868992	1.0	1.247687	60	60	3200.0
-13542.280532352	14297.819260032	1.0	1.84035	60	60	4500.0
-8121.559324032001	5238.427594752	1.0	1.670007	60	60	2900.0
-8509.102233984	-1833.5578060800003	1.0	0.887218	60	60	2200.0
-2730.3180791040004	-15897.595709952002	1.0	1.324715	60	60	4900.0
-5461.15597632	5869.805432832	1.0	0.477058	60	60	2300.0
6591.927741696001	284.229462528	1.0	1.189719	60	60	1900.0
9589.41301824	172.53777024	1.0	0.841341	60	60	2200.0
-11334.922004736	-2496.5898312960003	1.0	0.67456	60	60	2900.0
-14804.534093184	-13957.887182976	1.0	1.137503	60	60	4400.0
447.94480896	-7370.412496128	1.0	2.110745	60	60	2200.0
-4678.354961280001	-7853.209258752	1.0	2.195875	60	60	1800.0
-5246.619155712	-2316.903355008	1.0	0.592109	60	60	1600.0
14711.481823104	10500.96155328	1.0	1.701999	60	60	5700.0
-7748.63730432	-14104.255410432	1.0	1.012046	60	60	5000.0
1177.9126698240002	-12946.847392512	1.0	34.930704	60	60	3900.0
-11299.304003328	-8996.48240832	1.0	0.695651	60	60	2900.0
-6967.13985792	-7697.011158144001	1.0	21.955716	60	60	2500.0
-8761.588995456	-7115.481141120001	1.0	2.125968	60	60	3500.0
-3867.482158848	9765.554109696	1.0	1.112284	60	60	2800.0
-5318.477974656001	11095.995575808	1.0	0.586151	60	60	3700.0
-14449.170016512002	9680.666041728	1.0	1.770911	60	60	5500.0
-11331.292934016	3524.29437888	1.0	1.398353	60	60	2500.0
-5684.449237632	3313.216038528	1.0	1.007079	60	60	1600.0
-7971.214407552001	2212.14793536	1.0	2.15355	60	60	2500.0
5053.888946304	7430.532759936	1.0	2.050687	60	60	2100.0
8321.998291200001	-14534.423405568	1.0	40.095007	60	60	5300.0
9558.19979136	2132.157101184	1.0	0.653647	60	60	2000.0
-9664.355340288	-3949.640779392	1.0	17.938359	60	60	2800.0
10993.696015104	15247.509247872002	1.0	44.308382	60	60	4600.0
15437.867284224	460.6843760640001	1.0	0.661033	60	60	4000.0
-5940.500696064	1804.367524608	1.0	2.265661	60	60	1900.0
-3506.739654528	14029.371024768	1.0	0.602632	60	60	3000.0
14752.30122432	8910.353536128	1.0	1.003236	60	60	5400.0
11886.608346624	-1877.737517568	1.0	1.087567	60	60	2700.0
-5290.206628608	-15390.940422528	1.0	0.834378	60	60	3800.0
-4683.57728256	6986.2138030080005	1.0	1.314381	60	60	2000.0
-15704.028641664	-8638.107249024	1.0	11.698905	60	60	5100.0
-13430.542169088	-9100.20462912	1.0	55.951598	60	60	3800.0
9187.067362176002	-12360.07574208	1.0	1.595858	60	60	3900.0
-15526.767446784	-8676.055580544	1.0	1.381022	60	60	4500.0
-2924.89420608	6495.399288576	1.0	6.692688	60	60	1400.0
3455.23742784	15303.057365376	1.0	0.477941	60	60	4300.0
-2690.5946411520003	-2051.2714717440003	1.0	0.959183	60	60	1200.0
-2857.4482083840003	-15357.746093184	1.0	1.598099	60	60	3500.0
10033.126861824	3132.951807744	1.0	28.449221	60	60	2300.0
3870.581755392	15382.716674688	1.0	0.914207	60	60	4200.0
11770.03390464	-699.7154123519999	1.0	0.28128	60	60	3100.0
-1101.1067274240002	10748.412677376	1.0	2.060764	60	60	2600.0
3858.106120704	-8568.054114048	1.0	1.360352	60	60	2700.0
-631.760861952	238.937694336	1.0	2.174232	60	60	1200.0
13030.288660224	-14314.284458496	1.0	1.337912	60	60	4900.0
-15391.931778432	3513.0643764480005	1.0	0.908282	60	60	3700.0
-6058.819666944	3119.863012992	1.0	41.678887	60	60	2100.0
-14188.222933632	1375.585174656	1.0	1.474058	60	60	3000.0
1099.051595136	8872.516249344	1.0	1.767336	60	60	2800.0
-10942.148726784	-8503.541950464001	1.0	1.345732	60	60	4400.0
6746.975161344	1014.165136512	1.0	1.096214	60	60	1600.0
2123.411925888	-10417.856638464	1.0	1.583635	60	60	2300.0
537.6045818880001	241.324351488	1.0	0.894699	60	60	1200.0
-12865.2568704	-3002.89910976	1.0	41.723996	60	60	2900.0
-3805.343777664	-9751.034608128	1.0	0.409308	60	60	3100.0
-12769.04223936	-11726.634724992	1.0	1.907296	60	60	4800.0
7335.608822784001	-5459.0590010880005	1.0	1.242605	60	60	1900.0
13657.549796352	-7091.5405397760005	1.0	0.86456	60	60	3600.0
-1061.362368	3978.372397824001	1.0	2.189276	60	60	1200.0
3840.012266112	6573.53454912	1.0	47.259528	60	60	1900.0
-8508.46493376	-11162.953942272	1.0	2.179605	60	60	3700.0
12504.348603648	10095.955651584	1.0	0.293019	60	60	4800.0
14922.309105792	15830.89966656	1.0	0.317128	60	60	6700.0
9433.17790272	-9078.909789312	1.0	0.943793	60	60	4100.0
-731.1169324800001	3704.164320384	1.0	0.748613	60	60	1200.0
1515.903878016	14612.846738688	1.0	0.583298	60	60	4400.0
14863.968776448	8604.135606528	1.0	1.494213	60	60	3800.0
-1299.960490752	7813.79159616	1.0	1.744593	60	60	2000.0
5553.2828736	15989.519829888002	1.0	0.773893	60	60	4100.0
8329.309540992	-5055.887751552	1.0	2.059355	60	60	2200.0
12090.603964032	6152.333818752	1.0	18.393891	60	60	3000.0
-10003.949455104	-1730.3586220799998	1.0	0.298276	60	60	2600.0
-11096.16938496	-1746.271815552	1.0	47.500424	60	60	3000.0
13698.60738048	-15394.677319296	1.0	1.549251	60	60	4200.0
-5824.560335616	-3513.5954599680003	1.0	1.139018	60	60	1600.0
8808.382281600001	10932.420242304	1.0	0.235642	60	60	4400.0
5863.817063808	2518.682905728	1.0	0.419807	60	60	1300.0
8070.607492992	13712.732592768	1.0	1.07724	60	60	4100.0
703.872347904	4671.061414272001	1.0	1.333742	60	60	1200.0
-1791.12745152	-1382.111064576	1.0	18.589158	60	60	1200.0
15468.473788416	1322.66350656	1.0	4.514849	60	60	3600.0
-9163.574158464	15025.183202304	1.0	1.611951	60	60	3700.0
-2447.625540096	-4362.218644608	1.0	0.986863	60	60	1200.0
-12975.622463232	-2652.966569088	1.0	1.859999	60	60	3600.0
-3908.100392064	-11322.398089728	1.0	58.248668	60	60	2600.0
6095.366259840001	-5965.06572288	1.0	2.177793	60	60	2700.0
-9536.17591872	8649.31472064	1.0	1.308652	60	60	2500.0
9078.185584512	9826.754243328	1.0	2.207707	60	60	4100.0
-15251.662964736	14269.52216448	1.0	47.366963	60	60	6200.0
2679.4579806720003	4126.081208832	1.0	18.925687	60	60	1600.0
721.6910046720001	6391.910422656	1.0	1.636951	60	60	1500.0
7673.77062144	9376.041362688	1.0	1.386812	60	60	3200.0
6312.680808192001	11769.786065664	1.0	1.442965	60	60	2900.0
13294.192108032	9459.1607616	1.0	0.910388	60	60	4400.0
7325.5729536	-14395.221586944	1.0	57.889252	60	60	4600.0
14691.321570816	12894.24115584	1.0	2.018498	60	60	6200.0
14262.368630400002	-13739.249753856	1.0	0.310975	60	60	4200.0
7578.790357248	-13362.766255872	1.0	2.094119	60	60	3300.0
12289.147123968	4777.870356864	1.0	1.184291	60	60	2900.0
-4986.087283584	-434.600128512	1.0	1.398032	60	60	1600.0
11337.002886528	-9616.155487488	1.0	33.436752	60	60	4700.0
-10196.686101888	1560.611454336	1.0	1.402927	60	60	2200.0
-1522.104680448	-49.389158016	1.0	0.492461	60	60	1200.0
5147.198711424	-10651.045756032	1.0	0.336439	60	60	3100.0
1994.392426752	5037.7488353280005	1.0	58.640366	60	60	1600.0
-4288.8888852479995	-7654.537351296	1.0	1.075951	60	60	2400.0
1788.259600512	-12427.013187072	1.0	2.197209	60	60	2500.0
13132.670297472	-6853.42361088	1.0	1.706544	60	60	4700.0
-15127.531043328	613.161673344	1.0	2.225832	60	60	3100.0
11686.668276096	5237.724311424	1.0	1.267823	60	60	3300.0
-3957.830731008	-45.853429248000005	1.0	1.800867	60	60	1200.0
-8388.815035392001	-14559.431001984	1.0	28.395323	60	60	5200.0
13982.178621312	15977.581716096	1.0	0.381008	60	60	6800.0
-15481.271291904002	9767.707411968002	1.0	1.88755	60	60	3600.0
-1156.447239552	-181.16385408	1.0	20.506835	60	60	1200.0
4152.154190976001	11934.16285248	1.0	1.29987	60	60	3900.0
8198.643682944	-845.3352948480001	1.0	38.38359	60	60	2500.0
4662.393487488	-1969.231942656	1.0	2.185208	60	60	1500.0
14663.832365952	12697.447352832	1.0	0.336468	60	60	4200.0
-2805.41650752	8053.046331264	1.0	1.412354	60	60	2300.0
12549.469781376	-1471.99453632	1.0	49.942211	60	60	3000.0
-5672.689761024	14284.822197888	1.0	1.184789	60	60	3400.0
-6712.108723584	-2378.23223616	1.0	1.890393	60	60	1800.0
7012.092054528	-9627.551252352	1.0	1.511674	60	60	2500.0
3542.53629312	-457.6169664	1.0	0.462374	60	60	1200.0
-9363.285702144	-4435.479202176	1.0	2.241223	60	60	2400.0
-10651.662134784	-2382.0496001280003	1.0	1.643694	60	60	3100.0
-10813.87435392	395.3820245760001	1.0	1.621273	60	60	2600.0
-10746.867707136	617.959127808	1.0	2.219531	60	60	2400.0
-6779.702780928	5520.761250048001	1.0	1.088005	60	60	2800.0
-12774.694255488	-68.804284032	1.0	1.215376	60	60	2600.0
3065.444654976	188.600632704	1.0	1.801456	60	60	1200.0
-8297.846865792	6719.11580736	1.0	1.098974	60	60	3300.0
-4414.789475712	-9252.364885632	1.0	1.821419	60	60	3100.0
3918.005904384	-788.258300544	1.0	2.091633	60	60	1200.0
14329.685880576	-3169.58691456	1.0	1.476111	60	60	4100.0
14363.919846144	-15872.66214336	1.0	2.116825	60	60	6200.0
-10491.225022080002	-11180.196453888	1.0	11.675489	60	60	3900.0
-11861.336817792	6874.979164416	1.0	1.059704	60	60	4300.0
-7754.194369152001	-6777.829504511999	1.0	1.377723	60	60	2600.0
-14445.676130688	-2819.51436096	1.0	52.669247	60	60	3300.0
700.009922304	12097.289179008	1.0	0.212482	60	60	3700.0
-757.0901352960001	4853.511134208	1.0	24.8065	60	60	1200.0
-11764.0632384	6049.585251072	1.0	0.470132	60	60	3200.0
-10715.210301312	-10829.756969856	1.0	1.456515	60	60	4100.0
-12083.95254528	11475.034712064	1.0	40.401352	60	60	4600.0
8325.768984192	-5674.28944896	1.0	2.083566	60	60	2100.0
9266.712187392	-9742.838219136	1.0	0.526489	60	60	3300.0
1389.195396864	9366.966271872	1.0	1.806993	60	60	2800.0
-1621.6828404480002	7672.541082624001	1.0	1.562798	60	60	2000.0
13664.780578944	9469.788869376	1.0	1.814427	60	60	5100.0
5056.515395712	4708.679830272001	1.0	0.96592	60	60	1400.0
9240.343085952	709.220198016	1.0	0.532731	60	60	2000.0
10462.758945408	-12741.992385408	1.0	42.351776	60	60	4100.0
-9604.827315072	14154.695470080002	1.0	0.774208	60	60	5100.0
-3249.830415744	-94.941639936	1.0	0.213888	60	60	1200.0
-5034.789251712	-12794.318596224	1.0	1.637745	60	60	2700.0
-12615.948563328	-1523.902317696	1.0	1.434594	60	60	3700.0
1981.002684672	-3010.881456	1.0	1.682856	60	60	1200.0
4523.388008832	-7930.642845312	1.0	0.459499	60	60	2100.0
-9047.849450112	-14382.092558592	1.0	0.989216	60	60	3800.0
937.883840256	-10003.959111168	1.0	0.603592	60	60	2600.0
-1675.3496348160002	-5904.921318912	1.0	0.505271	60	60	1500.0
7000.955394048	1105.403675904	1.0	0.649848	60	60	1400.0
3447.7346661120005	585.831793536	1.0	51.106151	60	60	1200.0
-12592.839992832	7238.3465088	1.0	1.911788	60	60	3100.0
-10177.86160512	15251.6323872	1.0	1.652165	60	60	5500.0
-14567.192868096	13320.839625984	1.0	0.991507	60	60	5000.0
11478.322601856	8106.162729984	1.0	0.314388	60	60	3500.0
126.375346944	-916.218851328	1.0	1.286614	60	60	1200.0
-3943.872890496	7379.038579968001	1.0	0.593671	60	60	1700.0
-12161.7321408	5577.896180736	1.0	2.024011	60	60	2800.0
-9218.798797824	-10266.338510208	1.0	1.98886	60	60	3400.0
11394.076662144002	12518.703952128	1.0	0.829619	60	60	4500.0
-14102.686300032	14113.742493312002	1.0	0.489699	60	60	6100.0
-10330.234295040002	5031.955196928	1.0	1.696662	60	60	2300.0
-11743.584336000002	-11688.267964032	1.0	11.652646	60	60	4500.0
-13139.102845440002	8351.112933504	1.0	0.495232	60	60	3000.0
-3495.0155834879997	11691.617008896	1.0	1.705726	60	60	3900.0
2215.178330112	8566.59443904	1.0	1.775015	60	60	1800.0
7190.288278272001	-15024.423591936	1.0	0.875148	60	60	3500.0
12772.645560576	4730.238602496	1.0	27.429859	60	60	2900.0
-12998.386634112	9890.997646464	1.0	2.214472	60	60	4500.0
6955.391646720001	-6528.608102016001	1.0	0.255048	60	60	2900.0
1589.9546234880002	-1958.693958144	1.0	0.98221	60	60	1200.0
-7606.321405056	-10944.35191872	1.0	0.415593	60	60	3600.0
8719.448322816	-763.242657408	1.0	1.552582	60	60	2100.0
-6338.277424512	-6995.454656256	1.0	1.015205	60	60	2100.0
-195.855555456	-12460.625945856	1.0	1.208195	60	60	2900.0
-6932.435963904	2307.915168768	1.0	24.311104	60	60	2100.0
-6150.788848512	1827.122039424	1.0	2.003002	60	60	1900.0
10682.260592256	1271.479929984	1.0	2.195232	60	60	3100.0
3938.04867456	5882.662482048	1.0	2.262184	60	60	1700.0
-5793.852442752001	-14913.5092128	1.0	0.515879	60	60	3700.0
-9180.650907648	-14569.437902976	1.0	31.091134	60	60	5200.0
-10452.711810816	13913.496647424	1.0	1.643104	60	60	3600.0
14838.051900672002	1008.178376832	1.0	18.461885	60	60	3100.0
4095.481142016	-15715.4855616	1.0	1.726729	60	60	4900.0
-2740.003111296	10182.366158976	1.0	1.090159	60	60	2600.0
-10624.49479872	-8889.238942848	1.0	53.457481	60	60	4100.0
-10843.814589696	8064.545094144	1.0	1.06299	60	60	3900.0
-15488.8094592	-1188.156144384	1.0	0.69139	60	60	4600.0
3367.819471104	-14980.855431168	1.0	1.809581	60	60	4300.0
-4026.918259584	-6969.605372928	1.0	0.279009	60	60	2000.0
1009.692769536	-7863.653901312001	1.0	0.539545	60	60	1500.0
-9632.232834048	-13211.60379264	1.0	18.381185	60	60	3500.0
11416.99211136	-5658.282913536	1.0	0.635734	60	60	2600.0
-8321.156604288	1856.653501824	1.0	1.123968	60	60	1900.0
4548.258811008	-3801.743675136	1.0	1.515351	60	60	1300.0
2393.047857024	-6322.24353024	1.0	1.814009	60	60	1400.0
14841.614988288	-4870.917798912	1.0	18.683356	60	60	3900.0
10660.944830976	6643.330189056001	1.0	2.152097	60	60	3100.0
-3974.485832064001	-10964.542748544	1.0	1.309112	60	60	2400.0
1402.903789056	-4359.778879104	1.0	0.274783	60	60	1400.0
-8574.050529792	3721.498564608	1.0	0.897421	60	60	2400.0
5087.664248832	-6677.454719232001	1.0	32.282734	60	60	2000.0
-3396.338656128	10895.875258752	1.0	34.916427	60	60	2900.0
9771.46201152	6873.459943680001	1.0	0.77644	60	60	2800.0
-7812.964393344001	11133.134407296	1.0	1.637967	60	60	2700.0
-634.760679168	4548.509868672	1.0	0.766342	60	60	1400.0
-4509.016566912	10012.876486272	1.0	0.832755	60	60	2400.0
9252.720550656	-10568.621593728	1.0	2.206413	60	60	4400.0
-14445.241607808	11730.897877248	1.0	30.146386	60	60	4600.0
-335.31486912	841.057658496	1.0	1.750753	60	60	1200.0
-9718.05593088	-3780.122138496	1.0	0.765725	60	60	2400.0
-6642.063635328001	13106.011514112	1.0	1.850461	60	60	3100.0
-11304.28170432	15078.526518528002	1.0	1.279082	60	60	5000.0
2177.13665664	8157.521725056001	1.0	43.416351	60	60	2100.0
7191.725422464	-14839.743321216	1.0	1.513929	60	60	3500.0
-4181.981772672	13353.235720704	1.0	0.781805	60	60	3800.0
-990.192348288	-11391.157312128	1.0	0.494167	60	60	2600.0
-2035.963391616	763.419685248	1.0	1.597113	60	60	1200.0
12215.123737344	3226.7266732800003	1.0	17.785033	60	60	3900.0
8247.154139136	2235.6524044800003	1.0	1.801596	60	60	2300.0
7404.606228096	-11756.618413056	1.0	1.342244	60	60	2900.0
13617.921309696	12709.749178368	1.0	1.344556	60	60	3900.0
-4653.52278336	1941.837689088	1.0	1.585388	60	60	1500.0
5609.173781376	4813.916443776	1.0	2.090106	60	60	1800.0
-10384.335612288	1128.827677824	1.0	0.332087	60	60	2100.0
5331.431584512	8689.82995584	1.0	57.778724	60	60	2900.0
15430.935839616	9701.201271168	1.0	1.434269	60	60	3800.0
304.100032896	-3015.719144064	1.0	1.85146	60	60	1200.0
-14047.40855232	910.520164224	1.0	17.794657	60	60	3900.0
-8066.712880512	-5748.880934016	1.0	1.463489	60	60	2500.0
2414.9091859200003	8934.138031104	1.0	2.175039	60	60	2000.0
2277.875153664	-3488.6747681280003	1.0	1.848875	60	60	1200.0
8053.29417024	5417.459068032	1.0	2.210228	60	60	2200.0
-924.337991808	12248.989163136	1.0	2.254981	60	60	3600.0
-4542.684043392001	-15229.183647744	1.0	1.033595	60	60	3500.0
8134.395451775999	-6502.470746112	1.0	1.684564	60	60	2100.0
13393.535303808	-11330.042473728	1.0	0.999359	60	60	4200.0
558.114061824	3191.8650635520003	1.0	1.004493	60	60	1200.0
2443.697131392	-883.533074688	1.0	1.891335	60	60	1200.0
3395.854243584	-14593.375285632	1.0	53.551071	60	60	4200.0
6903.3551178239995	6583.658932224	1.0	2.069392	60	60	2500.0
-15112.44827136	12568.99273344	1.0	1.310775	60	60	4300.0
-14297.12241408	-9488.342996352	1.0	1.579972	60	60	3700.0
1839.143839104	10329.374905344	1.0	0.689505	60	60	2400.0
-9100.270612224	-643.285374336	1.0	0.793229	60	60	2500.0
-9445.877236224	-3154.779340416	1.0	1.666276	60	60	2500.0
6041.40495552	7950.865862016	1.0	14.428979	60	60	2600.0
1146.10237632	15773.080764672	1.0	1.432097	60	60	3500.0
-968.965100928	3895.372090368001	1.0	1.32328	60	60	1200.0
-3537.293050368	-1362.077950464	1.0	0.899552	60	60	1200.0
7318.828192896	-11783.920934016	1.0	43.432819	60	60	3700.0
8264.671848576001	-8244.183290112	1.0	0.953721	60	60	2700.0
-11548.980850176	15455.381774976	1.0	0.533294	60	60	4900.0
-8215.310049408	3925.6325856	1.0	1.355788	60	60	2400.0
-2873.955249792	-7147.431447552	1.0	0.73497	60	60	1800.0
-8977.744816128	7370.726318208	1.0	0.947358	60	60	2700.0
-948.94164288	-10582.827273216	1.0	0.637836	60	60	2300.0
-10386.506617344	3480.195134592	1.0	1.373177	60	60	2400.0
-14903.170786944	-5148.5972313600005	1.0	1.943804	60	60	5000.0
4825.197945216	12469.6398816	1.0	2.005994	60	60	3200.0
-8829.912085631999	10689.647481216	1.0	1.102385	60	60	3400.0
-9219.032152704	-7338.589327872	1.0	1.537783	60	60	3400.0
4293.99533376	9785.144654208	1.0	1.871394	60	60	2700.0
-5842.08770112	5949.72867456	1.0	2.269697	60	60	1700.0
-12709.548010368	-5567.406476544001	1.0	1.472599	60	60	3600.0
-7956.352115712	-556.541732736	1.0	2.137682	60	60	1800.0
12660.364848384	-13947.762799872002	1.0	1.169448	60	60	4200.0
8293.978002816	-11601.965282688	1.0	1.166863	60	60	2900.0
5513.487015168	-2829.809334528	1.0	0.28157	60	60	1900.0
3618.558484992	-15198.337351296	1.0	0.692669	60	60	5000.0
11712.020272128	14098.250947968	1.0	1.787902	60	60	5000.0
-3858.167275776	-15574.814411904	1.0	1.660331	60	60	4100.0
-6957.750945024	-12281.03281152	1.0	1.974722	60	60	2900.0
-5101.8844124160005	5617.883551104001	1.0	1.006274	60	60	1800.0
-543.1600373760001	-9731.843180928	1.0	1.705723	60	60	3100.0
-10083.375409536	2506.2330205440003	1.0	1.592527	60	60	3000.0
4112.2859120640005	9977.343780096	1.0	18.492173	60	60	3300.0
7707.172556160001	-5349.256678656	1.0	1.259862	60	60	2700.0
1738.632259584	779.13171072	1.0	1.40731	60	60	1200.0
7941.037598208	-4964.216298624	1.0	40.19739	60	60	1800.0
-14299.835768064	4768.143481728001	1.0	1.740935	60	60	3800.0
2414.811015936	-15063.400294272002	1.0	11.036989	60	60	3400.0
2462.326897536	16028.4225024	1.0	2.038789	60	60	4300.0
2604.134244096	8200.069561728	1.0	1.596542	60	60	2700.0
-13029.406739712	-12224.498166144002	1.0	1.329223	60	60	4500.0
8578.654862976	-9410.407294464	1.0	12.980571	60	60	3400.0
-6672.642780672001	-6935.171848704	1.0	1.063673	60	60	2800.0
-6640.549242624001	-3684.358123776	1.0	0.655779	60	60	2100.0
4400.1573200640005	-11219.631819264	1.0	2.002436	60	60	3000.0
-2558.496466944	-12961.122273792	1.0	19.204936	60	60	4200.0
-6561.462859776001	8891.063938944	1.0	0.299456	60	60	3000.0
9147.828336768	2072.921976576	1.0	54.352489	60	60	2400.0
-13529.132191872	-16001.472427776	1.0	0.952581	60	60	6500.0
2536.900679808	-12659.17232448	1.0	23.679618	60	60	3500.0
3624.791474304	4439.475203328	1.0	55.821682	60	60	1500.0
-2247.719265792	-5356.812548736	1.0	1.541581	60	60	1400.0
14745.601525248	-5115.375543168	1.0	2.258076	60	60	3200.0
-3781.626875136	15939.247142016002	1.0	1.209177	60	60	4000.0
-3468.5306092799997	15073.980121728	1.0	0.836832	60	60	4100.0
-2642.415709824	12779.351697024	1.0	1.051231	60	60	3900.0
-584.985278592	6432.193912320001	1.0	1.4106	60	60	1700.0
7668.683485056001	-2527.534297728	1.0	2.120807	60	60	2000.0
-12021.395734656	1466.511501312	1.0	2.199947	60	60	3500.0
7975.308578688	6354.206711424	1.0	53.919445	60	60	3000.0
-1567.4109327360002	-8383.241877120001	1.0	1.902185	60	60	2400.0
13041.621660672	-9032.10523776	1.0	1.03265	60	60	3600.0
-587.80484928	-16059.109473792	1.0	0.544264	60	60	4700.0
13113.692913024002	591.8056784639999	1.0	0.346617	60	60	3900.0
13638.068687232002	7448.324057856	1.0	1.076705	60	60	3400.0
-6402.771885312	9843.671667456	1.0	2.263902	60	60	3100.0
-12711.643376256	-6169.177213056	1.0	0.603326	60	60	2800.0
-5689.874336256001	9455.293507968	1.0	1.247729	60	60	2800.0
9824.837514624	-10011.19794048	1.0	12.700076	60	60	2800.0
13229.38704384	-2716.102743552	1.0	1.839482	60	60	3500.0
-4396.158100224	-15253.158045312002	1.0	1.987382	60	60	4300.0
-1497.855085056	4446.680236416	1.0	2.094821	60	60	1200.0
-3197.161414656	-13436.91999936	1.0	1.371342	60	60	3400.0
11033.808914304	1121.3249160960002	1.0	46.143937	60	60	2500.0
-6736.026794112	6364.543527936	1.0	1.098107	60	60	2000.0
1158.4074205440002	9527.567537664	1.0	57.589651	60	60	2900.0
-2223.4407022080004	-12508.936843392	1.0	1.430465	60	60	3200.0
-6410.311661952	-8429.613515136	1.0	23.774216	60	60	2700.0
1726.6233346560002	6035.888124288	1.0	0.587128	60	60	1700.0
-3878.057158272	-7044.151796352	1.0	47.123109	60	60	1700.0
15167.550600576	6578.988615936	1.0	1.288852	60	60	3600.0
-4880.556160128	8208.811518336	1.0	0.412007	60	60	2300.0
-11157.594826752	-13186.617117696002	1.0	1.647319	60	60	3700.0
-12768.071804928	-13008.333989376002	1.0	1.069659	60	60	5800.0
-8417.908756224	-9160.92517824	1.0	0.497833	60	60	3900.0
-9084.952876032	-2239.413441408	1.0	1.235258	60	60	1900.0
-13287.514939776	-14099.911790976	1.0	56.929808	60	60	4300.0
11165.079885696	2202.422669568	1.0	1.026034	60	60	2400.0
13766.141892096	4475.00630016	1.0	0.481803	60	60	3300.0
-13667.567962752	7325.148086784001	1.0	1.456558	60	60	4100.0
-4116.16282176	-2887.42063104	1.0	1.172422	60	60	1400.0
-14589.923242752002	-14433.939184896	1.0	1.367843	60	60	6200.0
-718.3113822720001	-437.844566016	1.0	1.593025	60	60	1200.0
5385.52485504	15758.168583168	1.0	0.528846	60	60	5200.0
-1313.704288512	11152.712077056	1.0	1.185922	60	60	2900.0
-3432.2479488	-16038.220188672	1.0	38.218687	60	60	4500.0
9898.743419136	9659.023583616	1.0	1.857655	60	60	3500.0
-10673.602321536	8122.227201792	1.0	7.228351	60	60	3700.0
-14669.24298048	11182.351365504	1.0	0.462197	60	60	4100.0
913.091895936	8460.14438016	1.0	5.906856	60	60	2300.0
-14490.70235712	-13656.521425536	1.0	1.216678	60	60	4000.0
3836.14501248	1227.863488896	1.0	2.247862	60	60	1200.0
-15382.208121984	-561.599900928	1.0	0.393208	60	60	3300.0
1925.375709312	-15849.384591744	1.0	31.459315	60	60	4100.0
-347.462197632	-3825.318955392	1.0	1.033217	60	60	1200.0
10710.865072512	8189.153381376001	1.0	26.707808	60	60	4300.0
-9837.535238784	12183.181477632	1.0	1.145023	60	60	4600.0
482.981837184	-12484.532750976	1.0	1.468279	60	60	3500.0
-15128.055689472	-9840.135938688	1.0	1.13437	60	60	4700.0
-7411.164304896	13572.383311872	1.0	0.223878	60	60	4000.0
9085.174965504	15550.8094368	1.0	1.231756	60	60	4500.0
-11581.405913088	-15199.850134656	1.0	1.226931	60	60	5300.0
12832.276583808	13639.362599808	1.0	43.280958	60	60	4000.0
11772.613683072	-11323.383008256002	1.0	1.278389	60	60	5200.0
-5393.92563072	-5722.81117056	1.0	0.844236	60	60	2300.0
-1683.6699432960002	12098.512280448002	1.0	0.718964	60	60	3300.0
-8865.412604928	10251.302409216	1.0	1.557357	60	60	3200.0
2523.543124608	-10414.092382848	1.0	2.242743	60	60	2200.0
1985.000295168	2180.305454976	1.0	1.163362	60	60	1200.0
14160.334611456	1291.451889024	1.0	1.747166	60	60	4400.0
-4219.651687680001	-15879.617728128	1.0	2.072825	60	60	4900.0
-9052.674263424	12270.770024832002	1.0	0.844825	60	60	3100.0
11006.84274624	13042.318506623998	1.0	0.493775	60	60	3800.0
10459.3680576	-1929.880263168	1.0	1.134473	60	60	2800.0
8595.287433216	-16061.927435136	1.0	0.984263	60	60	4700.0
-4171.07363904	8352.162225792	1.0	2.131265	60	60	2100.0
-12016.831635072	-7201.362174336001	1.0	0.234465	60	60	2700.0
2879.475299712	2283.678448128	1.0	1.950019	60	60	1200.0
12767.833622016	-8577.100236672	1.0	2.182318	60	60	3500.0
14240.729390976	2617.113603456	1.0	2.005063	60	60	3500.0
2657.006022528	-3662.487138816	1.0	54.765458	60	60	1200.0
-363.821179392	-6289.610861952	1.0	0.24631	60	60	1600.0
8257.804777728	15145.024612608	1.0	0.624855	60	60	3400.0
8139.772270080001	-7845.72902784	1.0	0.814426	60	60	3500.0
-5223.925795968	-2572.430167296	1.0	2.054575	60	60	1500.0
-5008.444290432	-10747.051172352	1.0	1.407192	60	60	3500.0
14823.651490560002	11455.751552256	1.0	46.392023	60	60	3800.0
13842.799774848	2459.961161856	1.0	2.129893	60	60	3300.0
-13644.013603968	-7737.301085184001	1.0	1.549363	60	60	3300.0
-6735.346041600001	-9473.817057408	1.0	0.315529	60	60	2500.0
-5308.6191333120005	15915.33389952	1.0	2.212149	60	60	5100.0
-9520.3158336	6463.484387712	1.0	2.249016	60	60	2600.0
805.285160064	11734.995267072	1.0	0.688622	60	60	3600.0
15724.134176256	14517.8117568	1.0	2.045822	60	60	4800.0
-15472.218731904	-12918.004729344	1.0	0.998425	60	60	4600.0
9576.069947136	4149.133452288001	1.0	1.122242	60	60	2900.0
-12461.713862400002	-1462.734370944	1.0	0.654168	60	60	3700.0
-4448.006335872001	-12138.407918208	1.0	1.85925	60	60	3800.0
3843.4353408	4571.140464	1.0	1.320754	60	60	1500.0
12871.116491904	-14453.40580992	1.0	1.29258	60	60	6100.0
-12072.885086592	-3010.2200156159997	1.0	30.977037	60	60	3800.0
10783.411081344	-8623.072757376	1.0	2.197318	60	60	3900.0
11817.046061568	15425.039203200002	1.0	2.202132	60	60	5000.0
-10431.02750976	1376.4767512320002	1.0	1.536958	60	60	2500.0
14675.852556288	8979.750058752	1.0	2.154439	60	60	3400.0
-8449.255558656	9790.199603712	1.0	0.634404	60	60	4000.0
15295.927971456	10948.642429824	1.0	16.082307	60	60	5100.0
-13724.7270336	13556.890157184002	1.0	2.017388	60	60	4300.0
-5020.062144768	3644.863212672	1.0	23.324937	60	60	1600.0
-5676.318831744	-3347.058933504	1.0	0.248181	60	60	1700.0
-12275.27940672	-4222.561381632	1.0	0.246744	60	60	3300.0
-12708.955771776	-8216.822832768	1.0	0.244606	60	60	3800.0
14867.86017024	-15582.16750464	1.0	1.607512	60	60	5100.0
2449.205915904	11631.007504512	1.0	2.033028	60	60	3300.0
8906.690669184	-10374.980495616	1.0	1.005485	60	60	3300.0
11306.41408512	11751.581166336	1.0	1.18139	60	60	3300.0
12654.342683136	8417.302033536	1.0	2.231239	60	60	3700.0
15552.259455744	-6283.533979008	1.0	34.097158	60	60	5000.0
11482.867389312	-14567.834996352	1.0	0.450814	60	60	5400.0
15044.513033088	-1279.4542295039998	1.0	2.081955	60	60	4400.0
-1132.699759488	12657.282954624	1.0	0.76912	60	60	4000.0
-3862.69114176	-6379.185339648	1.0	21.88898	60	60	1900.0
14963.588779392	-11062.691811072	1.0	0.326525	60	60	5500.0
5067.6021665279995	9407.164466304	1.0	0.372821	60	60	3000.0
-10511.093983104	-12867.740088192	1.0	0.887353	60	60	5300.0
8951.052236544	-1599.926118912	1.0	51.379671	60	60	1900.0
-14611.884350976	-12100.258418688	1.0	1.550943	60	60	4100.0
-11829.99001536	-5052.3584601600005	1.0	0.299439	60	60	3600.0
9817.605122688	2868.86489472	1.0	1.025503	60	60	2000.0
-8757.660586752001	10300.229685504	1.0	0.836184	60	60	3900.0
-4352.943995136	-680.966554752	1.0	0.867626	60	60	1300.0
-13225.704864768	3498.519125376	1.0	0.972398	60	60	4300.0
-4026.174742656	-12852.161638272	1.0	0.409322	60	60	3900.0
-1762.305709824	10476.285481728	1.0	1.053519	60	60	2600.0
14723.885037312002	-11911.170154752	1.0	48.362462	60	60	4400.0
-5792.956038144	6184.921425408001	1.0	0.81895	60	60	2400.0
-2708.0351020800003	3304.018637568	1.0	2.079274	60	60	1200.0
-5875.719772032001	-1295.858272896	1.0	0.585403	60	60	1700.0
-9502.820654976002	-4966.356726144	1.0	0.226596	60	60	3300.0
-1050.309393408	-10329.490778112	1.0	34.382449	60	60	3100.0
11584.030753152	15485.956092288	1.0	0.316976	60	60	4000.0
-886.030776576	-3509.8875313920003	1.0	0.612563	60	60	1200.0
1007.298065664	-2233.370354688	1.0	2.218524	60	60	1200.0
12820.040741376	-6894.133576704	1.0	35.976227	60	60	3400.0
13060.895164416	-15071.286079872	1.0	21.608312	60	60	4000.0
-12844.514035584	-10685.926677888	1.0	2.039447	60	60	4200.0
1366.114185216	-10522.488138624	1.0	0.513474	60	60	2900.0
4874.591931264	3131.278089984	1.0	1.824571	60	60	1500.0
-234.01471104000004	-8874.363776256001	1.0	1.734371	60	60	2400.0
-15410.044945152	-2539.6365646080003	1.0	1.955685	60	60	3200.0
9289.830413952	13748.347375488	1.0	1.352904	60	60	4700.0
2794.386063744	-4668.211266048	1.0	1.747445	60	60	1200.0
7315.905624192001	15012.648021888	1.0	0.57202	60	60	4600.0
3612.31744896	13550.06492928	1.0	1.744445	60	60	4200.0
1392.472021248	-2279.019397248	1.0	1.170268	60	60	1200.0
302.761058688	-10841.986374912	1.0	1.421678	60	60	2200.0
7452.23637312	-14546.287489536	1.0	0.454637	60	60	4200.0
-10828.582148736	4056.813433728	1.0	0.73365	60	60	2500.0
13963.291360128	8936.41364352	1.0	49.536369	60	60	5300.0
4227.645299328	-12412.506560256	1.0	23.813154	60	60	2800.0
-8162.018232192	11738.566401408	1.0	45.077302	60	60	3000.0
-12332.374103808	2832.730293888	1.0	0.307415	60	60	3200.0
-14029.27124544	146.165450112	1.0	0.832486	60	60	2900.0
-2632.120736256	15226.085660544	1.0	1.270685	60	60	3700.0
11119.195878912	4890.799634688	1.0	2.110966	60	60	3700.0
-29.90965824	6682.213549440001	1.0	1.405101	60	60	1800.0
-149.012379648	6664.3063787520005	1.0	1.610122	60	60	1700.0
-8060.005134720001	2611.194436224	1.0	0.378437	60	60	1800.0
-7865.713861632	9522.739505664002	1.0	1.849155	60	60	2800.0
-9629.1879552	5622.608585088	1.0	0.964379	60	60	3100.0
-12730.384187136002	-14783.371219584002	1.0	1.399015	60	60	5700.0
-2920.4411512320003	-132.753177216	1.0	0.433119	60	60	1200.0
-4799.891010816001	12620.512662912	1.0	1.204419	60	60	2800.0
-15174.588261888	1619.8884218879998	1.0	45.001208	60	60	3000.0
6814.055837952001	-7599.753672192	1.0	28.681977	60	60	3100.0
15229.835432064	3111.751919232	1.0	1.866321	60	60	3600.0
536.687255808	835.9206324480001	1.0	0.974395	60	60	1200.0
-7939.373536512	-15043.090372992	1.0	1.16933	60	60	4600.0
-2884.142397312	-6449.949804672	1.0	15.537331	60	60	1800.0
-14604.10478208	-13549.041386496	1.0	1.589595	60	60	5000.0
-12350.167011072	10717.239684096	1.0	0.278117	60	60	4600.0
-5690.786834304	2424.714918912	1.0	0.287135	60	60	1500.0
13833.71180928	9540.785079936	1.0	0.945308	60	60	4800.0
-1074.734407296	3887.101671552	1.0	1.126232	60	60	1200.0
-15761.356693632002	-9330.112294272	1.0	0.993794	60	60	5300.0
5312.207970432	-15244.356542975998	1.0	0.600181	60	60	3900.0
6466.033588608001	-3302.5332130560005	1.0	2.015502	60	60	2000.0
-2605.976942976	3119.473551744	1.0	2.015383	60	60	1200.0
4520.426815872001	8116.320909312	1.0	2.25055	60	60	2500.0
12903.5592576	242.79368256	1.0	0.716395	60	60	3900.0
-14497.0914528	-10811.478040704	1.0	1.987995	60	60	5100.0
2778.43585536	-1467.741040128	1.0	0.898319	60	60	1200.0
-11471.656699008	-14805.679946112	1.0	19.44044	60	60	5900.0
-1735.9897167360002	13362.465308544	1.0	25.985414	60	60	3400.0
3202.4448910080005	15422.443331328	1.0	2.188401	60	60	3600.0
12303.504081792002	-4970.528145792	1.0	1.210643	60	60	3200.0
13204.123561728002	-1557.400813056	1.0	0.89607	60	60	3800.0
-11038.984564608	-3839.423246208	1.0	52.433823	60	60	2300.0
9164.73932352	13351.61672064	1.0	0.654604	60	60	4600.0
-2236.608354816	-3041.399446272	1.0	1.506088	60	60	1200.0
-15667.678388736	7984.409419008	1.0	13.699015	60	60	4000.0
11348.413135488	-6199.728999552	1.0	0.608276	60	60	4100.0
11515.04944128	-13448.003551488	1.0	21.54617	60	60	3500.0
-5161.697291519999	4222.229856768	1.0	1.555885	60	60	1400.0
11556.60270336	3326.955008256	1.0	1.906483	60	60	3500.0
14714.235410688	4532.5258640639995	1.0	1.15099	60	60	3700.0
-885.531879936	468.135638784	1.0	38.505881	60	60	1200.0
-13291.638079104	-2313.2517534720005	1.0	1.866302	60	60	3600.0
5153.864614272	2672.603784576	1.0	0.530101	60	60	1900.0
12277.25085312	-12018.101407488	1.0	0.386507	60	60	4000.0
-4057.919053056	-12623.053817088	1.0	0.779302	60	60	3000.0
-11187.613920384	15301.272602880004	1.0	1.169473	60	60	6000.0
7955.885405952001	-14753.17027008	1.0	0.564775	60	60	4800.0
14274.79276608	-14389.135047936	1.0	2.031905	60	60	6300.0
-5401.048587264	-5677.7141329920005	1.0	1.75636	60	60	1700.0
-9431.063224704	-5536.874002176	1.0	12.113698	60	60	2300.0
-3046.682922624	1233.042357888	1.0	0.280013	60	60	1200.0
6982.512311808001	-5008.505445504	1.0	5.961546	60	60	2400.0
15770.425347072	2746.847651328	1.0	2.164385	60	60	4300.0
-9319.08345984	15443.670578688	1.0	0.249446	60	60	4100.0
180.687488256	-13211.030866176	1.0	0.429598	60	60	4200.0
-9181.745261568	4280.504203008	1.0	1.313911	60	60	2200.0
-12180.141426816	8880.324786432	1.0	1.673699	60	60	4000.0
11180.605227264	3624.41971584	1.0	1.881903	60	60	2700.0
-14740.226316288	-12142.337936256	1.0	39.441463	60	60	5400.0
1161.952805376	7177.590554112	1.0	1.98424	60	60	1900.0
14907.742933248	11678.30129664	1.0	0.36231	60	60	5500.0
-15315.16928832	-10789.780864896	1.0	0.274019	60	60	4600.0
-2312.398801152	-245.548879488	1.0	3.301096	60	60	1200.0
-6480.297204480001	-8113.762052352	1.0	1.732481	60	60	2100.0
-12476.51178048	6649.2203880960005	1.0	2.056577	60	60	3100.0
3810.028578048	-4214.43741312	1.0	0.96812	60	60	1400.0
13917.338151552	1915.013143296	1.0	0.388668	60	60	4300.0
-13661.365550976	-13270.428534528002	1.0	2.212291	60	60	4500.0
-11831.15678976	-703.309077504	1.0	1.792997	60	60	2800.0
14118.787786752002	-9120.64329792	1.0	2.235434	60	60	3500.0
-29.690787456	-3090.6147951360003	1.0	45.039755	60	60	1200.0
-3412.5849838080003	6409.191558528	1.0	39.691278	60	60	1500.0
9685.251062784	-3213.88410816	1.0	0.302723	60	60	2000.0
-5826.43683072	5454.961611264	1.0	44.793463	60	60	1900.0
-16078.796578944	-8537.898226176	1.0	21.127702	60	60	5300.0
-11479.822510464	9717.342991488002	1.0	10.220006	60	60	3300.0
-8025.833933567999	-8630.192495232	1.0	1.620387	60	60	3800.0
9803.191837824	9870.180781824	1.0	0.720611	60	60	3800.0
4490.052057216	5041.7931168000005	1.0	1.687775	60	60	1900.0
-15028.160488704	-7329.16179072	1.0	0.903579	60	60	3300.0
-7472.769993216	10670.26454208	1.0	2.103872	60	60	2800.0
-183.999518208	-2174.7773583360004	1.0	2.010457	60	60	1200.0
-10417.760077824	12150.803085696	1.0	0.453271	60	60	3400.0
-4106.91714048	-14180.069996928	1.0	13.375776	60	60	4100.0
-675.166478976	-2463.155709696	1.0	1.176987	60	60	1200.0
-10314.67998528	-562.921172352	1.0	52.676811	60	60	2400.0
-2244.7596821760003	3039.091646976	1.0	0.212812	60	60	1200.0
12696.193673856	11283.089862528	1.0	1.564091	60	60	3700.0
-3903.565260672	-8893.320239232	1.0	2.162307	60	60	2400.0
6828.755586048	8067.260057472	1.0	0.783045	60	60	3100.0
15448.02063552	-15498.89199936	1.0	0.232487	60	60	6000.0
-13760.477001216	-15254.759342592	1.0	0.673456	60	60	5600.0
-10568.661827328	7071.220962432	1.0	12.037663	60	60	3300.0
-4064.118246144	14912.339219712	1.0	1.511313	60	60	4400.0
979.242371712	-7295.037260544	1.0	0.557421	60	60	1700.0
1873.487240064	-11274.880598784	1.0	1.869768	60	60	2200.0
-4267.18366272	-6428.384595072001	1.0	0.961358	60	60	1600.0
-13265.494285824	-15829.428726144	1.0	1.647456	60	60	4100.0
10678.980749184	-10555.774200576	1.0	1.451757	60	60	3400.0
5822.017572096	-10623.575863296	1.0	23.70126	60	60	3500.0
-14509.777911552	1813.878747648	1.0	1.892261	60	60	3600.0
15935.63577408	4430.244006144	1.0	1.313938	60	60	3800.0
-9672.075363456	8793.899794944	1.0	35.195582	60	60	2600.0
6810.061446143999	10118.529919872	1.0	1.328137	60	60	2800.0
-4380.230422656	-4046.763080448	1.0	0.802642	60	60	1800.0
-4505.091376896	2679.285780864	1.0	6.981994	60	60	1600.0
7375.692753792	14991.621942528	1.0	1.763067	60	60	4200.0
1758.732966144	-12045.469911552002	1.0	1.906276	60	60	3500.0
1028.62831104	-8787.145378176001	1.0	1.600075	60	60	2100.0
-7213.581923328001	-11588.430699648	1.0	0.909053	60	60	3600.0
-4096.179597312	-11585.717345664	1.0	0.387517	60	60	3600.0
-7796.616676992	-1268.4044736	1.0	0.550609	60	60	1700.0
5007.092441472	-9702.849239424	1.0	1.645537	60	60	3300.0
15021.629770752004	10207.949900544	1.0	1.98723	60	60	4100.0
6942.322164096	-14935.72620672	1.0	1.968898	60	60	4700.0
11467.56574656	-7242.2894016	1.0	31.922386	60	60	3100.0
-4012.6353315840006	-8204.039813376	1.0	1.029184	60	60	1800.0
2725.382221056	2736.3772592640003	1.0	1.855925	60	60	1200.0
-10661.326245504	-6258.22382592	1.0	0.944378	60	60	2800.0
-2053.044968832	-2309.664525696	1.0	2.069743	60	60	1200.0
7740.514945151999	8066.196281088	1.0	2.150651	60	60	3300.0
2432.090542464	5348.587191552	1.0	0.967061	60	60	1400.0
-11273.76049536	-13636.267831296	1.0	0.646419	60	60	5300.0
-1665.732195072	10337.877069696	1.0	1.755109	60	60	2600.0
-757.83204288	8102.066949504001	1.0	39.43652	60	60	2000.0
-2719.9973560320004	-40.549031424	1.0	0.348486	60	60	1200.0
-498.2529024	3761.522949888	1.0	32.106601	60	60	1200.0
4896.683396352	-157.73502412800002	1.0	1.07655	60	60	1200.0
-13128.564860928	-11664.510827904	1.0	1.815979	60	60	3800.0
10409.842105344	-5281.612731648001	1.0	48.610075	60	60	3700.0
1599.182601984	1764.803411712	1.0	1.346569	60	60	1200.0
-12126.551880960002	-12556.739188224	1.0	2.145316	60	60	3500.0
13029.50651904	11669.577042816	1.0	1.983148	60	60	5300.0
8543.674161792	14019.265953792	1.0	2.090445	60	60	4300.0
-14869.90403712	-10430.510910336	1.0	1.277248	60	60	3600.0
2289.159873792	7240.247144064	1.0	41.163927	60	60	1700.0
11732.981977728	-8874.294574464	1.0	0.664322	60	60	3100.0
6168.990529152	5362.8974784	1.0	1.068336	60	60	1700.0
-2667.526304256	-6859.658209536	1.0	2.253367	60	60	1600.0
1991.86092864	-268.794244224	1.0	1.510385	60	60	1200.0
13908.375714816002	14192.4024	1.0	1.634762	60	60	4200.0
-13698.74417472	-7502.829320448	1.0	52.414767	60	60	3900.0
-13494.289894272002	-5257.123344	1.0	33.884421	60	60	2900.0
4909.9701404160005	-15120.506256768002	1.0	9.453459	60	60	4300.0
-14007.543492096002	-14738.876076672	1.0	0.539444	60	60	4000.0
1968.337147392	-722.140011648	1.0	0.848102	60	60	1200.0
15917.364891648	10893.704253696002	1.0	0.863847	60	60	5200.0
3882.486072960001	3009.38476608	1.0	2.251707	60	60	1200.0
10359.891286272	6253.949408256	1.0	1.933672	60	60	2800.0
-14327.672591232002	13202.874710784	1.0	54.898173	60	60	4800.0
15060.791547648	-2893.360719744	1.0	0.890937	60	60	4300.0
-14349.059163648002	-10930.485810816	1.0	0.644553	60	60	4600.0
9706.425201792	13148.647864704002	1.0	13.900114	60	60	3700.0
-13287.016043136	9058.492041984	1.0	2.133556	60	60	3700.0
5835.856321152	-7314.73402176	1.0	1.872291	60	60	2500.0
896.1422849280001	4421.925307007999	1.0	52.980364	60	60	1200.0
4630.736081664	15204.612183552	1.0	0.589534	60	60	4400.0
16070.399021952	-1649.397353472	1.0	34.520632	60	60	3800.0
-12021.537356928	-15253.875812736002	1.0	1.480389	60	60	4800.0
9734.900934528	9429.856216704	1.0	14.100293	60	60	2900.0
9299.669943168	15871.023831168	1.0	19.594992	60	60	4600.0
9729.308464128	-8154.357754752	1.0	0.523603	60	60	3400.0
10019.877132672	-13820.936836608002	1.0	11.614578	60	60	5200.0
-5949.59188032	-13457.398901760002	1.0	0.223962	60	60	3600.0
-2349.946406016	15361.127324928	1.0	0.92281	60	60	4400.0
12997.155485952	13221.028111104	1.0	0.719355	60	60	4100.0
-14151.116289024	12810.935073024	1.0	27.640526	60	60	5700.0
13520.797399296	363.589433856	1.0	0.305792	60	60	3600.0
-10470.564263808	6508.142074368	1.0	0.326547	60	60	2500.0
-7910.926771968	15762.573357696	1.0	0.511777	60	60	3800.0
-6722.907421824	-7747.930802304	1.0	0.942818	60	60	2500.0
-1067.434422912	4559.720558976001	1.0	1.592747	60	60	1500.0
-6309.268998912	-4904.01717696	1.0	2.204582	60	60	2500.0
-14059.938904704	2988.9718467840003	1.0	1.186327	60	60	3900.0
-6252.5235294720005	-10542.234789504	1.0	1.778629	60	60	3400.0
-3569.74225344	7946.341996032001	1.0	0.670777	60	60	2600.0
13289.15003328	-12053.06923392	1.0	1.606116	60	60	3600.0
3957.4396604160006	10298.499640704	1.0	47.823541	60	60	3300.0
-968.9860224	-9908.62640064	1.0	1.214458	60	60	2900.0
1068.593150592	-13556.170780416	1.0	1.231409	60	60	3300.0
895.556483712	-2627.976675456	1.0	1.081948	60	60	1200.0
11898.530366976	-11556.226116864	1.0	0.388747	60	60	3400.0
14551.521076224	14717.500769664	1.0	0.524308	60	60	5300.0
-12886.150983552	-1445.56106112	1.0	26.012201	60	60	3400.0
-869.7973236480001	-6669.490075776001	1.0	0.445123	60	60	1700.0
-1067.286363264	8768.010278016001	1.0	1.910959	60	60	1900.0
13697.22334464	-9007.07993856	1.0	2.086497	60	60	5200.0
-10915.671799296	-12571.260299136	1.0	0.9447	60	60	4300.0
14274.757360512	-11928.190576896	1.0	51.633406	60	60	5400.0
-9757.595903616	3530.099282688	1.0	0.769746	60	60	2300.0
-15885.937622016	-2661.3238924800003	1.0	0.450481	60	60	3500.0
7031.69869248	-9730.678015872	1.0	0.332778	60	60	2700.0
-8615.491137792	-3779.349653376	1.0	0.44506	60	60	2700.0
-10147.668702336	428.98995532800006	1.0	1.077302	60	60	3200.0
-2641.35998016	-11892.355314048002	1.0	0.357183	60	60	2800.0
-245.672798976	3067.351727616	1.0	1.818284	60	60	1200.0
13362.280233984002	-4487.845646592	1.0	1.143475	60	60	3200.0
-12251.173042944	6591.374127360001	1.0	47.285539	60	60	3400.0
-11736.025247232	-8323.391983104	1.0	0.439284	60	60	3600.0
-9992.154572928	-833.601567744	1.0	0.912387	60	60	2000.0
14328.01377216	-12322.930473216	1.0	36.79457	60	60	4400.0
9548.846284032	13651.506709632002	1.0	0.289982	60	60	3500.0
-15109.770322944	-3795.42860928	1.0	12.746093	60	60	4300.0
14501.858329728	-9955.834897536	1.0	1.90765	60	60	5400.0
-4143.716400384	8097.140747519999	1.0	1.901841	60	60	2500.0
13610.989865088002	-15602.591689344	1.0	29.146029	60	60	4700.0
-14372.748707328	82.276102656	1.0	2.245714	60	60	3100.0
15255.066727296	2715.476708736	1.0	6.351747	60	60	3900.0
5111.144577792	-9962.154791424	1.0	1.537894	60	60	3600.0
14419.66591296	5678.227513728	1.0	1.279135	60	60	5000.0
-13972.569228288	7001.074485504001	1.0	1.498036	60	60	4500.0
4539.027613824001	5230.266611328	1.0	0.250451	60	60	1900.0
12550.848989184	-9518.403932928	1.0	1.510487	60	60	4900.0
-11647.1041632	-11711.366878464	1.0	41.35877	60	60	4800.0
12035.673834624002	-15473.77013952	1.0	2.06495	60	60	4800.0
9932.229039744	8142.654605184	1.0	1.163253	60	60	3700.0
9092.244813696	-4524.866995968	1.0	0.767671	60	60	2400.0
-3758.663145600001	15809.596780032	1.0	1.75246	60	60	3600.0
-4304.092358016	-12721.346111232	1.0	1.233732	60	60	3100.0
-10340.537315328	8697.067175808	1.0	2.068623	60	60	4300.0
6134.138575488	-690.809302656	1.0	1.924441	60	60	1600.0
-12877.159578624	-9935.708441472	1.0	0.315288	60	60	4800.0
-4449.300248448	8101.878656256	1.0	30.70417	60	60	2100.0
-7029.59849856	-2693.14062336	1.0	0.647425	60	60	1500.0
-7422.598694016	11761.46414784	1.0	1.737312	60	60	3900.0
-281.95545945599997	-3299.135887872	1.0	1.446042	60	60	1200.0
-11215.177155072	6477.805939968	1.0	0.363328	60	60	3900.0
-2824.6336842240003	8836.43314752	1.0	0.943453	60	60	2400.0
7109.196652799999	15018.158415744	1.0	2.188679	60	60	4300.0
-11976.380773632	-9376.171719552	1.0	1.067208	60	60	4400.0
-5225.741136000001	9600.55772544	1.0	0.270307	60	60	3500.0
6040.0289664	4386.294430848	1.0	30.184308	60	60	1600.0
-6247.737340416	-5535.573652224	1.0	0.232121	60	60	2200.0
-14849.774362368	9065.837088	1.0	1.813818	60	60	5400.0
-697.938696576	12624.825704832	1.0	0.640709	60	60	3300.0
-4984.091697024	-530.872695936	1.0	0.321069	60	60	1600.0
-1919.083174272	1728.614093184	1.0	2.258903	60	60	1200.0
13619.770445952	5286.865630464	1.0	0.513434	60	60	3000.0
7094.7077287679995	-42.485072256	1.0	50.676783	60	60	1800.0
7152.6521594880005	8420.041137024	1.0	1.454543	60	60	2800.0
15480.994484736	6058.563781248	1.0	47.050017	60	60	3700.0
-6267.74309568	-6717.102518016	1.0	0.375711	60	60	2600.0
