trucks_count 15
drones_count 15
customers 1000
depot 0 0
Coordinate X         Coordinate Y         Dronable Demand
X	Y	Dronable	Demand	Drone_service	Truck_service	Lw
-31345.191478656	-8880.506642304	1.0	1.954249	60	60	6300.0
-15544.458965376	27411.161336064004	1.0	1.050617	60	60	7200.0
-2402.802091008	5441.36104512	1.0	0.993976	60	60	1200.0
20030.170621824	4476.2310109439995	1.0	0.620231	60	60	5600.0
-1965.345376896	-7297.327357056	1.0	0.546161	60	60	1500.0
-14038.689126528	17772.241677695998	1.0	0.489763	60	60	5500.0
-567.750813696	12988.6533216	1.0	1.22102	60	60	3200.0
-27731.927735424	5642.099350272	1.0	1.765854	60	60	5400.0
17060.92128576	27422.640786816	1.0	12.556002	60	60	6800.0
-25878.705355008	24160.511764224	1.0	1.197466	60	60	7200.0
-8861.50672704	28997.931067776	1.0	2.089476	60	60	6000.0
-29292.787028736	-31599.942587136	1.0	0.936589	60	60	7200.0
-24949.135385856003	-28670.490718848003	1.0	1.432985	60	60	7200.0
-23350.121764992	27288.757850112004	1.0	1.473848	60	60	7200.0
25467.141376512	-1990.877619456	1.0	0.754863	60	60	6600.0
-15608.618682624	5915.243651328001	1.0	1.319969	60	60	3900.0
27305.607681792	-17442.250518528002	1.0	49.732539	60	60	7200.0
-30947.347157760003	12422.605193856	1.0	1.550134	60	60	7200.0
4776.888657024	20085.092704512	1.0	17.520236	60	60	6100.0
-20177.869776768	14228.100868608	1.0	0.222185	60	60	5700.0
31720.630512384	27368.784089856003	1.0	1.000945	60	60	7200.0
-19890.632450304	-14230.29440448	1.0	18.987073	60	60	6100.0
23284.615026816	24000.972665472	1.0	33.151531	60	60	6500.0
-3876.339988224	15599.297362176	1.0	1.348037	60	60	3300.0
-19586.991080448	-30154.672817280003	1.0	2.223021	60	60	7200.0
-8631.240178176	27500.793750144003	1.0	30.973136	60	60	6200.0
9470.307078144	11830.672377216	1.0	1.592264	60	60	4800.0
-14974.401961728	4540.63534848	1.0	34.246554	60	60	4000.0
560.67935616	26070.160963968	1.0	1.097012	60	60	6000.0
27626.951835648004	-12337.958527488	1.0	1.551987	60	60	7200.0
12674.657432448	-25714.816199424	1.0	1.555485	60	60	5900.0
23148.115296768	-27222.757043328	1.0	2.069038	60	60	7200.0
-25571.980482048	27822.646456704	1.0	5.551606	60	60	7200.0
16633.259039232	-62.383001472	1.0	32.17794	60	60	4000.0
-19053.485497728	-20022.04182528	1.0	0.343619	60	60	7200.0
-21968.306819712	-16160.897263104	1.0	0.727729	60	60	7200.0
-20703.104940672	-13010.2185312	1.0	0.794342	60	60	7200.0
-29957.072732928	11940.273531648	1.0	0.437666	60	60	7100.0
-10776.893238144	19982.622553344	1.0	0.6035	60	60	5200.0
-176.54181811200002	-3644.905055616	1.0	54.473241	60	60	1200.0
19499.74532352	17492.692187520002	1.0	1.605825	60	60	6500.0
-16623.4774464	10508.164977024	1.0	1.40115	60	60	4200.0
27105.041576448	12456.866518272	1.0	1.92754	60	60	7200.0
13989.966236928	-27925.506069120005	1.0	1.128498	60	60	7200.0
-12322.51365312	4434.315646464	1.0	0.762695	60	60	3300.0
-27548.777950848	11762.276866560002	1.0	24.03973	60	60	7200.0
22280.094688896	-1629.2193984000005	1.0	1.543641	60	60	5300.0
20108.77742016	21518.609435136	1.0	59.857831	60	60	7200.0
18903.52360512	-14037.855486336	1.0	24.476754	60	60	4900.0
-5080.9114414079995	30516.810622848003	1.0	41.084616	60	60	7200.0
-5296.835516544	-7657.327953792	1.0	1.974421	60	60	2200.0
-11882.259899136	9795.524923008	1.0	20.698072	60	60	4300.0
23282.012717568003	-24651.200749824	1.0	37.085588	60	60	7200.0
2803.433795712	-19312.142484096003	1.0	1.007944	60	60	6200.0
20013.853483008003	31541.858143488	1.0	1.298505	60	60	7200.0
-30737.245689216	-31996.834176384	1.0	1.968833	60	60	7200.0
-12228.413700096	-5270.863923072	1.0	1.412693	60	60	3200.0
-13436.264996352	-9693.711384192002	1.0	0.238139	60	60	3600.0
23696.97884928	15975.492787584	1.0	46.488374	60	60	6300.0
-619.768030464	-8677.376851968	1.0	1.887302	60	60	1900.0
24215.977805184	-20949.287901696	1.0	53.648952	60	60	7200.0
13526.645755392	15475.556511360002	1.0	0.900091	60	60	5300.0
-18787.681414656003	22622.13017856	1.0	0.573383	60	60	7200.0
9482.446359936	-32088.024435456	1.0	1.953604	60	60	7200.0
-31229.378256384	19348.478252928	1.0	2.212836	60	60	7200.0
20433.845596032003	-25882.107508224	1.0	8.453732	60	60	7100.0
-15889.634285184	-11294.381020032	1.0	1.404204	60	60	6000.0
8984.265878016	22142.198048256	1.0	1.067484	60	60	7200.0
-29058.102830592	-24563.230788096	1.0	0.352911	60	60	7200.0
1535.058290304	-22448.346776064	1.0	0.694344	60	60	5800.0
8895.982094208	-6117.523708032	1.0	32.201117	60	60	2700.0
21405.335757696	-18905.667251328	1.0	0.495721	60	60	6900.0
-12688.69574016	16743.967422335998	1.0	2.033382	60	60	4200.0
-22590.9249984	3642.651974016	1.0	49.904926	60	60	5500.0
-15155.501442048	3823.244510976	1.0	1.247359	60	60	4600.0
31295.111912064	27278.850728448004	1.0	0.487063	60	60	7200.0
27585.836315136003	-9012.186387072	1.0	1.044642	60	60	7200.0
-11669.276095488	-9756.536955264	1.0	7.798319	60	60	4700.0
3732.641662464	-21996.579775104	1.0	1.794264	60	60	5800.0
-9248.005172736	-25907.232586752	1.0	1.614816	60	60	7200.0
11680.187447808	-24574.470446592	1.0	33.661593	60	60	6400.0
-9507.563391744	29007.358604928	1.0	1.866022	60	60	6300.0
-1877.158153728	-15407.976938112	1.0	48.068463	60	60	3100.0
13100.460886656	23456.750461056	1.0	1.576826	60	60	6900.0
-2111.0972256	27712.576983168	1.0	0.617688	60	60	7200.0
-2156.828344704	26115.377092992003	1.0	1.952934	60	60	5700.0
-31605.346764288	-1390.421716992	1.0	0.83854	60	60	6600.0
-6339.365341056	695.777347584	1.0	2.191235	60	60	1200.0
27757.6434432	-7889.567558400001	1.0	47.60761	60	60	6500.0
-18732.2411232	25768.629444095997	1.0	2.028663	60	60	7100.0
13802.231431296	24555.074632704	1.0	43.502459	60	60	5600.0
19667.653011072	26293.455834624	1.0	33.089345	60	60	6600.0
-4162.328463744	-1077.047034624	1.0	0.552557	60	60	1200.0
-23543.579397888	1945.177077888	1.0	0.65641	60	60	5700.0
11076.033272832	25270.556788224003	1.0	1.890349	60	60	6700.0
-16098.116753664	-6566.9941751040005	1.0	54.066784	60	60	3500.0
17872.544042496	-18941.85013248	1.0	1.703405	60	60	6000.0
14778.736308864	26438.3836992	1.0	0.662436	60	60	7200.0
12153.627484416	-22944.880899072003	1.0	1.530283	60	60	5300.0
19730.795622912	-8570.023951104	1.0	0.744315	60	60	5400.0
-25231.934141568003	-2963.415464064	1.0	0.806206	60	60	7200.0
17595.310398335998	19567.2492576	1.0	0.840583	60	60	7200.0
10205.262296064	-27750.464159616	1.0	1.206833	60	60	7200.0
-24744.917678976	-11950.814734848002	1.0	1.658605	60	60	6100.0
-3581.8364736	28054.601207424	1.0	0.642297	60	60	6500.0
-12732.597035136	-14906.616392448	1.0	1.492588	60	60	3900.0
-16476.283625472	-1696.2469666559998	1.0	1.280513	60	60	3800.0
-13392.51015168	-24262.067808	1.0	2.062846	60	60	7200.0
-26988.851767680004	11149.818476544	1.0	24.621065	60	60	6700.0
-21646.351115136	17238.388476672	1.0	0.567618	60	60	7200.0
-24340.598967168	-933.450097536	1.0	0.64876	60	60	7200.0
14160.424734720002	30571.11471744	1.0	2.11486	60	60	7200.0
14255.860443264	-2979.93377088	1.0	0.361399	60	60	4100.0
-21074.795812224	-6016.992816384	1.0	2.041366	60	60	4900.0
-16116.336137088	-23766.837253632	1.0	1.597872	60	60	7200.0
-198.338773248	-12311.65058112	1.0	0.608166	60	60	3600.0
14217.310217088	-11991.333188736002	1.0	1.103065	60	60	4200.0
20753.5369536	21523.862333952	1.0	1.60541	60	60	6400.0
-27397.470646656	-27762.078795264	1.0	0.740145	60	60	7200.0
-21258.993279744	13285.337497344002	1.0	0.706849	60	60	5600.0
-20000.215901952	576.673016832	1.0	1.591383	60	60	5100.0
27786.133660032	-23236.790151168003	1.0	1.573492	60	60	7200.0
3215.596450176	-20406.47387328	1.0	1.664462	60	60	4900.0
22513.954902912003	10468.250027136	1.0	47.676933	60	60	7200.0
-14895.330062976	14200.330028544002	1.0	1.85509	60	60	5100.0
-28372.131216	23403.463471872	1.0	0.255117	60	60	7200.0
-26700.0228	-17365.299735168002	1.0	0.4887	60	60	7200.0
27680.251699584	-27271.904799744003	1.0	2.21882	60	60	7200.0
-27893.261252736003	-10579.888611072	1.0	0.383907	60	60	6900.0
-18215.52904512	-13230.128951424002	1.0	45.243485	60	60	5900.0
13464.565310592	15371.483453568	1.0	47.168956	60	60	5100.0
15663.542374656	-30380.639198976	1.0	55.02004	60	60	7200.0
-11766.754061568	20464.102872576	1.0	0.380141	60	60	5100.0
-23671.045880064	-28219.567014144	1.0	1.884616	60	60	7200.0
-29217.93804864	15021.422165376	1.0	0.342893	60	60	7200.0
4928.981321088	-11325.592637568	1.0	0.817169	60	60	3300.0
30540.258764928	-29644.961385600003	1.0	0.707531	60	60	7200.0
8852.991687936	13648.851292032	1.0	0.901387	60	60	4700.0
-18202.451515776003	11306.80032768	1.0	1.906525	60	60	5000.0
-18383.219471232	-28237.667306112	1.0	0.323678	60	60	7200.0
11437.9296768	14792.42217024	1.0	1.566196	60	60	5300.0
16485.147892224002	2208.670142976	1.0	0.51271	60	60	3400.0
15474.238458624002	-5480.48419776	1.0	0.896999	60	60	4400.0
13141.196601984	18993.643650432	1.0	31.477961	60	60	5100.0
-19118.263203072	-2315.961888768	1.0	1.512505	60	60	4900.0
-12793.613703552	10164.521752704	1.0	46.838963	60	60	3900.0
3472.423612416	27194.744801664	1.0	2.150508	60	60	6700.0
-12269.61451584	17421.168112127998	1.0	43.783512	60	60	6300.0
-27227.665542528	3707.10781056	1.0	0.807452	60	60	5800.0
-27368.405894016003	10714.090197888	1.0	0.342695	60	60	7200.0
-22363.056372096	-18498.060649728	1.0	57.406427	60	60	7200.0
-7238.330415360001	9919.254508416	1.0	2.21456	60	60	2600.0
-12737.920745088	-26887.043056896	1.0	1.966016	60	60	7200.0
5165.083351296	-2291.87483712	1.0	1.59531	60	60	1700.0
-28245.40342272	-13135.663677312	1.0	1.937258	60	60	6200.0
-23717.654091648	23266.365065856	1.0	37.360436	60	60	6700.0
2872.2235956480004	5100.809370624001	1.0	23.667167	60	60	1800.0
-26765.069265791997	2709.988845696	1.0	2.15559	60	60	7100.0
-24837.025264128	-12348.425700864	1.0	56.511514	60	60	6700.0
-7613.231928192	-29957.209527168005	1.0	0.567157	60	60	7200.0
-25332.473079936	-7805.110794624001	1.0	1.822973	60	60	5300.0
2204.8093267199997	20290.493279232	1.0	0.505241	60	60	4100.0
7844.069794176	1055.869676928	1.0	1.066832	60	60	2200.0
3239.8170773760003	7763.407863552001	1.0	1.967803	60	60	1900.0
9590.895224064	-13760.393315328	1.0	0.601864	60	60	3500.0
-3202.950225024	2862.6592642560004	1.0	0.72157	60	60	1300.0
18101.614848768	943.06753728	1.0	2.201756	60	60	5800.0
14991.143967360002	-17667.045297792	1.0	1.992983	60	60	5800.0
22543.132309632	11976.371117568	1.0	1.005692	60	60	5000.0
31732.726341888	29975.694452352	1.0	0.341515	60	60	7200.0
16806.406750848	7889.643197568	1.0	1.66541	60	60	4700.0
12536.945866368002	1379.798437248	1.0	2.122006	60	60	2500.0
25609.159547136	16124.905893888	1.0	1.508893	60	60	7200.0
17504.171638272	19801.733897088	1.0	0.571572	60	60	7200.0
30604.55688576	16429.739787648	1.0	1.406981	60	60	7200.0
2087.573444352	-30404.761656192	1.0	37.205926	60	60	7200.0
-6139.71978048	-10492.079583744	1.0	2.131856	60	60	2800.0
31985.950182912	-29910.778343423997	1.0	1.887418	60	60	7200.0
23519.107713024	-26695.220517504004	1.0	1.749739	60	60	7200.0
-8442.34503552	10919.381337216	1.0	1.932685	60	60	2900.0
-19929.670307712	22816.423060992	1.0	0.764122	60	60	5900.0
10123.330593024	6366.204370944	1.0	0.857778	60	60	2300.0
5842.78776576	4545.331414272	1.0	1.976226	60	60	2100.0
8837.733497472002	-16779.805903872002	1.0	2.008349	60	60	6100.0
24969.005956224	539.3603761920001	1.0	58.449672	60	60	6500.0
30693.374971776	24018.7752288	1.0	1.982217	60	60	7200.0
9631.687266432	-2480.761933056	1.0	0.846526	60	60	2800.0
21394.400265216	9179.81083008	1.0	48.458272	60	60	6300.0
26206.288935552	-11721.438153216	1.0	0.338652	60	60	7200.0
16843.832045568	16253.49730752	1.0	12.706186	60	60	7100.0
-27073.78489728	-9648.044638848	1.0	2.24307	60	60	7200.0
-448.609468032	-17171.331940224	1.0	0.758024	60	60	4200.0
-9337.339858176	10921.536248832	1.0	0.203019	60	60	3500.0
5820.07992192	-12405.4672896	1.0	0.825173	60	60	3000.0
-7197.197192064001	-12577.250277504	1.0	50.086645	60	60	3600.0
-31516.570521216003	-14842.768887936	1.0	1.709805	60	60	7200.0
24708.4596	-7451.256282624001	1.0	1.439871	60	60	7200.0
-14201.179762176	15672.244097664	1.0	0.79258	60	60	5600.0
13772.434427136	16540.3548288	1.0	1.998327	60	60	4500.0
4368.7574092800005	8475.502349952001	1.0	29.154176	60	60	2800.0
-11575.9309248	26525.72279808	1.0	0.582603	60	60	6800.0
-20771.704838016	-3111.581328768	1.0	0.473839	60	60	6000.0
20964.470452992	-19669.251089664	1.0	1.714383	60	60	6700.0
6297.4451485439995	-6154.332624000001	1.0	0.389119	60	60	1900.0
-3518.062998912	24187.640476032	1.0	1.1453	60	60	7200.0
10955.734808832	2045.759468544	1.0	13.982707	60	60	3500.0
21612.181523328003	-7593.457918464001	1.0	0.878271	60	60	5000.0
-9452.712120192002	-10614.289948416	1.0	35.834329	60	60	3100.0
-15379.465799808	8717.80840128	1.0	0.241308	60	60	5000.0
-9907.667231616	7872.650134272	1.0	0.604525	60	60	3900.0
-22124.780118144	12177.395885952	1.0	2.205303	60	60	5000.0
-22207.204280448	-11463.56652672	1.0	0.856051	60	60	6600.0
574.0835823360001	-1206.26770176	1.0	1.199562	60	60	1200.0
-17521.674863616	-11032.706513664	1.0	0.427104	60	60	6200.0
-24763.355933184	18830.309718528	1.0	10.980097	60	60	7200.0
-22161.458677248003	-4993.395314688	1.0	0.274501	60	60	4500.0
8112.970255104	-5590.569764736	1.0	2.03877	60	60	2100.0
-2473.822441728	-10115.96623488	1.0	1.849223	60	60	2100.0
17304.835071744	11124.728803584	1.0	0.476301	60	60	5100.0
-14518.228576896	5117.734841472001	1.0	36.423615	60	60	3300.0
6620.417958528001	-12321.401596416	1.0	59.1253	60	60	3800.0
9107.829700992	-6684.918856704	1.0	1.364315	60	60	3100.0
2528.192519424	13439.757272832	1.0	1.012204	60	60	4100.0
-22343.533420032	24602.49234432	1.0	1.258543	60	60	7200.0
19160.24616	-30217.033287936003	1.0	37.163793	60	60	7200.0
20163.458101248	-10207.177415424	1.0	1.28063	60	60	7200.0
-16411.138989696003	-13979.569874688004	1.0	2.245493	60	60	5500.0
10162.58893056	-7805.04481152	1.0	0.952554	60	60	2800.0
7636.155424128001	20603.874398976	1.0	0.424309	60	60	4400.0
29560.042740096	-1270.50466752	1.0	20.889364	60	60	7200.0
-16665.872395392	-20660.3961696	1.0	33.731879	60	60	7200.0
-26637.7009536	-13555.708898688	1.0	48.109635	60	60	7200.0
-9221.547557376	588.1927011839999	1.0	2.084082	60	60	2200.0
20777.997373056	-11533.059609984	1.0	1.815328	60	60	7100.0
4983.822936576001	-3420.166603392	1.0	0.56828	60	60	1700.0
-25985.398424832005	6835.707952128001	1.0	0.625536	60	60	7200.0
27131.673000960003	-15715.741447296	1.0	1.887434	60	60	6800.0
-12650.303229696	-11434.466368512	1.0	1.762176	60	60	4600.0
26860.28932224	-27022.612586112	1.0	1.455993	60	60	7200.0
-30505.319906688004	-25829.771641344003	1.0	7.223165	60	60	7200.0
27715.258150272	15152.780041344002	1.0	46.941035	60	60	7200.0
-10193.032891008	6039.386838144001	1.0	1.186666	60	60	3400.0
-1878.653234304	-17097.459831935997	1.0	1.318631	60	60	3900.0
-24041.996453376003	-3632.59518336	1.0	2.210283	60	60	6900.0
-28033.496270208	9867.911606784	1.0	1.02882	60	60	7200.0
16024.534327296	-9418.228706304	1.0	1.035909	60	60	5000.0
-9419.615960832	-9124.275587328	1.0	0.901457	60	60	2800.0
-12556.547676288	-4955.208800256	1.0	0.583453	60	60	2900.0
-27700.093301759996	22363.71781248	1.0	1.696885	60	60	7200.0
-22988.492512128003	-12473.066174976	1.0	1.224629	60	60	7200.0
10937.856606336	7867.162271232	1.0	1.397138	60	60	3400.0
-31310.308947456004	3224.3561095679997	1.0	0.890983	60	60	7200.0
20898.4986144	6365.869627392	1.0	1.333434	60	60	5800.0
15648.670426752	-2517.54509952	1.0	1.62807	60	60	5000.0
-22172.604993792003	-5807.924546688	1.0	0.845721	60	60	6100.0
20575.549944576003	-25321.888424448	1.0	1.924111	60	60	7200.0
-18585.166393728	-26815.419202176	1.0	1.923122	60	60	7200.0
-29394.373650048	3340.616729472	1.0	1.588086	60	60	7200.0
-2927.570545152	1092.899073024	1.0	0.43752	60	60	1200.0
-29273.21901504	16574.572700927998	1.0	1.173567	60	60	7200.0
9182.746273536	27375.404931072	1.0	0.294177	60	60	7200.0
28097.186059008	11245.576053888	1.0	1.098241	60	60	7200.0
6450.181550208001	-23364.240539904	1.0	2.255795	60	60	5900.0
11379.174136704	24104.723854464	1.0	0.873172	60	60	6500.0
-27487.180309248	19715.926893696	1.0	0.653523	60	60	7200.0
5258.697282432	-170.791632	1.0	0.412427	60	60	1600.0
-28743.561373824	23819.416131456	1.0	0.316872	60	60	7200.0
28111.431972096	6905.621074176001	1.0	0.614026	60	60	7200.0
-22274.152990848	-27112.259484288	1.0	0.336516	60	60	7200.0
16570.869600384	-23191.260200064	1.0	2.018262	60	60	5900.0
-24453.471917952	31646.154900096	1.0	1.138816	60	60	7200.0
-29313.043841664	-8885.939787648002	1.0	1.182946	60	60	7200.0
8210.762043264001	10035.835387776	1.0	18.279496	60	60	4000.0
-4889.9997907199995	-16120.216265472	1.0	1.5887	60	60	4900.0
11924.592083712	-25295.70117888	1.0	49.811739	60	60	6800.0
15998.35995648	402.844552704	1.0	0.566039	60	60	3700.0
28461.070002816	28295.248025088003	1.0	0.634647	60	60	7200.0
5126.394721536	10977.111725184	1.0	2.149713	60	60	3000.0
-6122.881214208	7394.792448384	1.0	1.086185	60	60	2100.0
-29771.420418432004	-28658.726414208	1.0	20.911956	60	60	7200.0
-2426.630038272	24548.37815232	1.0	1.579839	60	60	6600.0
30802.404809088	18174.704815872003	1.0	0.341479	60	60	7200.0
-17589.350997504	23212.355481216	1.0	32.366993	60	60	7200.0
-32128.993505664	10495.109978496	1.0	0.30423	60	60	7200.0
-27579.072242304	2579.532202368	1.0	1.071896	60	60	7200.0
11010.835528704	-3261.202040448	1.0	0.963224	60	60	3200.0
-31312.43489088	1303.967757312	1.0	1.040657	60	60	7200.0
-12698.62539264	25770.306380544	1.0	0.683571	60	60	7200.0
-2188.207334016	-8260.83517248	1.0	1.444968	60	60	1700.0
-15666.992808192	-31425.393136896004	1.0	1.797491	60	60	7200.0
-14369.26125888	5602.078183680001	1.0	0.955523	60	60	3200.0
5746.9271904	5734.88929728	1.0	0.473392	60	60	2000.0
-24117.370079616	2415.8651362560004	1.0	0.282611	60	60	6900.0
13986.692831232	-18509.89415616	1.0	1.750566	60	60	5200.0
28216.654101504	-7380.96657408	1.0	0.269942	60	60	7200.0
-19664.30879424	26760.851175168	1.0	1.424018	60	60	6600.0
5812.8958103039995	6085.418904576	1.0	1.745361	60	60	1900.0
6732.655218432	25371.811884672003	1.0	1.697534	60	60	7200.0
-31910.109846912004	15308.805942144	1.0	0.47804	60	60	7200.0
-1981.485487872	16548.303378816	1.0	1.508661	60	60	4800.0
-7584.952535424	6207.962403456	1.0	0.506845	60	60	2900.0
21428.360642304	-11761.333790976	1.0	0.49486	60	60	5100.0
-4653.2009145600005	-20475.540480384	1.0	1.129723	60	60	4400.0
18234.693113472	25969.77491328	1.0	0.477039	60	60	6600.0
-12689.212339584	9771.27693696	1.0	0.778643	60	60	4200.0
23204.303933184	16099.777596672	1.0	0.718776	60	60	6100.0
29640.154275072	-24616.141190784	1.0	13.154816	60	60	7200.0
14989.35759552	-24604.8178464	1.0	1.60584	60	60	5600.0
-23463.451769472	-6142.00504896	1.0	0.232212	60	60	5700.0
5096.319300864	-25763.613118848	1.0	1.891662	60	60	7000.0
-15839.435627136	684.474924672	1.0	0.347775	60	60	3200.0
17032.74971904	-15800.682623616	1.0	1.845948	60	60	7200.0
-8274.809106432	30760.745330304	1.0	2.252185	60	60	7200.0
-3207.8442401280004	11544.799774464002	1.0	0.717596	60	60	2700.0
2385.446925312	2168.425277568	1.0	1.674073	60	60	1200.0
12952.932322176	-18215.944255872	1.0	1.113418	60	60	6700.0
-10394.054440704002	31348.654786944004	1.0	56.852574	60	60	7200.0
-25577.428111488	14868.989929728	1.0	1.045028	60	60	6500.0
11105.796480768	13757.008864896	1.0	0.657212	60	60	4400.0
-17085.793697279998	19049.402592	1.0	1.004687	60	60	6900.0
31525.821030528	20904.8152896	1.0	1.084189	60	60	7200.0
23635.262116224	-17332.32105792	1.0	26.362725	60	60	5800.0
12663.210168576	-25737.870052224	1.0	0.546395	60	60	7200.0
21146.984546688	-2326.910256	1.0	1.819997	60	60	5500.0
10486.567580544	592.731051264	1.0	1.722122	60	60	2200.0
830.6275000320001	-24434.143696512	1.0	0.626272	60	60	5600.0
-20401.954835328	-17526.893966208	1.0	2.135426	60	60	6000.0
-22197.797664768	839.372675328	1.0	32.556909	60	60	6200.0
-20837.623568256	-6721.928940672	1.0	25.374087	60	60	4600.0
-22800.242716416004	1270.91505024	1.0	0.672623	60	60	5000.0
955.168194816	15669.825253632	1.0	0.383132	60	60	4500.0
3803.53165632	8161.487148672	1.0	32.290357	60	60	1800.0
6257.011989888	-13565.818797696	1.0	0.553703	60	60	3900.0
-20982.606150528	18113.78631744	1.0	0.621086	60	60	5800.0
25071.735211776	9374.950227456	1.0	0.541484	60	60	6100.0
23748.989628672	28096.197921792	1.0	2.145442	60	60	7200.0
-9171.4100544	24571.60903296	1.0	0.96409	60	60	7200.0
-1156.067434368	-2795.506167168	1.0	0.353757	60	60	1200.0
-20680.089712128	-22505.810012928003	1.0	1.893678	60	60	7200.0
29586.716007552004	-27808.299154944	1.0	1.814411	60	60	7200.0
19788.701429376	-11713.265904384	1.0	30.217883	60	60	4600.0
-4828.052921472	4634.913938688001	1.0	0.770721	60	60	1600.0
-27478.219481856	22414.611707136	1.0	0.739345	60	60	7200.0
21174.4608768	-24696.67920192	1.0	0.656151	60	60	7200.0
-7564.019798016001	733.971908736	1.0	0.377203	60	60	1700.0
-31878.742123008	-15980.052059136	1.0	0.710315	60	60	7200.0
15402.696680448002	-11148.9719616	1.0	1.022353	60	60	3800.0
14308.014454272	-3510.0597312	1.0	2.026861	60	60	3300.0
16348.809096576	23727.554775936	1.0	1.487067	60	60	5900.0
-8362.56985344	29465.06891328	1.0	1.94002	60	60	7200.0
-13486.590792576	28757.845911168	1.0	2.000474	60	60	7200.0
-2604.50600256	13328.09615808	1.0	1.595077	60	60	3100.0
-5510.718943488	5187.361500288	1.0	2.255746	60	60	2300.0
40.108071168	2229.6398952960003	1.0	1.31651	60	60	1200.0
7732.440866304	-14652.97251264	1.0	1.864902	60	60	4000.0
-13659.324902784	-29299.882626432	1.0	0.425969	60	60	6800.0
22393.123746048	845.8567223040001	1.0	0.69157	60	60	4500.0
-26859.672943488004	2392.880485248	1.0	1.774462	60	60	7100.0
-16234.249553280002	-1883.722667904	1.0	0.998892	60	60	4000.0
-14588.989823232	15991.203203712	1.0	0.548735	60	60	6700.0
6592.038786432001	-25281.577575936	1.0	1.75856	60	60	6900.0
-9767.251967616	-3706.48821312	1.0	1.147028	60	60	2700.0
9292.511581056	19199.61876096	1.0	1.605442	60	60	5000.0
15464.963809152005	584.533052928	1.0	50.33898	60	60	3700.0
-30280.969306368	20868.923699712	1.0	1.54387	60	60	7200.0
-24663.150129024	-4909.838174208	1.0	0.330122	60	60	5600.0
2542.438432512	-3668.493210624	1.0	0.610177	60	60	1300.0
-13739.59737216	6355.083803904001	1.0	0.768645	60	60	3800.0
-4831.2780468480005	-8272.964798208	1.0	1.351185	60	60	2300.0
-14440.254250752	-15871.324778496	1.0	59.161123	60	60	4500.0
-6508.817998848001	-17761.254686208	1.0	0.878523	60	60	5300.0
14132.826094464	8511.371409024	1.0	1.305028	60	60	3700.0
20664.65288448	10993.145619456	1.0	0.534113	60	60	5800.0
-25387.768530432	-26890.247260800003	1.0	1.551942	60	60	7200.0
1408.213014912	-29038.504239360005	1.0	2.198857	60	60	7200.0
-11695.764288384	-4920.54513984	1.0	0.670964	60	60	3000.0
15499.835074944	-17312.574407040003	1.0	1.056459	60	60	5400.0
-23250.98939328	993.851996544	1.0	1.239155	60	60	5900.0
-16932.405511296	-16359.6254976	1.0	2.090579	60	60	6600.0
777.2906211840001	20795.928683904	1.0	14.421695	60	60	4100.0
-28942.495604352	10074.88772928	1.0	2.197431	60	60	6900.0
11221.1912736	15252.554541312002	1.0	47.325633	60	60	4300.0
4036.41982656	-28884.446566272003	1.0	1.981268	60	60	7200.0
-13329.530083584	23800.968221184	1.0	1.820614	60	60	5900.0
-12982.706795520002	-4600.6155993600005	1.0	1.34584	60	60	3900.0
-23804.872489728	6979.092455808	1.0	1.35431	60	60	7200.0
26103.662678016	29005.2471456	1.0	0.402153	60	60	7200.0
18745.42165056	-25841.71136448	1.0	1.074255	60	60	6700.0
25439.306162688	15473.189166336	1.0	5.162954	60	60	7200.0
-25891.047414144003	10089.392746752	1.0	1.671013	60	60	7200.0
13185.400453632	30211.950979584	1.0	1.598085	60	60	6500.0
-18396.31470336	15818.240566656	1.0	1.295572	60	60	7200.0
12997.469308032	23042.558423808	1.0	1.533088	60	60	7200.0
-26602.811985024004	31213.872226944	1.0	39.873017	60	60	7200.0
-26669.491934976	13269.282681600002	1.0	1.997708	60	60	7200.0
2893.542575616	-5462.844178176	1.0	1.191435	60	60	2000.0
27042.381767808	498.34946304	1.0	2.080644	60	60	7200.0
-7715.199964032	15134.267757312	1.0	56.175247	60	60	3400.0
23072.944447872	26084.316753792	1.0	0.578556	60	60	7200.0
20840.074599168	-27549.938287872003	1.0	0.611815	60	60	7200.0
11773.933345152	-18060.454266624	1.0	1.071363	60	60	5200.0
-4730.47356672	-10591.75269504	1.0	1.31254	60	60	3000.0
20285.76502656	-18328.562930304	1.0	11.019718	60	60	7100.0
4762.320875136001	-2461.963185792	1.0	1.040072	60	60	1300.0
2477.849020416	21378.081517056	1.0	1.457299	60	60	5200.0
3214.0080276480003	-30249.550083456004	1.0	0.762023	60	60	5900.0
17925.880921344	16448.544972288	1.0	1.566551	60	60	6300.0
20.562588288	-4016.341650816	1.0	0.459824	60	60	1200.0
-2602.289935872	825.3102274559999	1.0	45.466362	60	60	1200.0
-20640.18280896	-6283.567775232	1.0	1.89529	60	60	6500.0
12559.54588416	-2030.522199552	1.0	1.594446	60	60	2500.0
23010.025534848	-4342.396354560001	1.0	1.406679	60	60	5700.0
-11541.293013888002	-18104.123816064	1.0	0.834689	60	60	6300.0
15329.17058112	-26397.952149888	1.0	2.073533	60	60	6200.0
-8087.932081152	-4305.6421562880005	1.0	1.722187	60	60	2200.0
-19311.756241536	-20589.136026624	1.0	2.220826	60	60	7100.0
-3262.162818816	-30396.610328832005	1.0	1.761936	60	60	7200.0
-1502.211579264	7185.460246272	1.0	46.233778	60	60	2100.0
-21900.851165952	29738.498068224	1.0	16.146884	60	60	7200.0
6382.037097216	-29369.509285248	1.0	2.196179	60	60	7200.0
16666.804205568	-4832.480226816	1.0	10.032266	60	60	3500.0
25758.10594368	2976.0938760960003	1.0	0.405179	60	60	7200.0
-15573.586482432002	617.8706138880001	1.0	0.642769	60	60	3200.0
-29953.630346112	17623.642899456	1.0	13.67168	60	60	7200.0
-28161.031954176	5672.018664576	1.0	1.374825	60	60	7200.0
9523.378415232	-24778.791151488	1.0	2.231977	60	60	7200.0
16627.660131456	-21313.35531072	1.0	1.325819	60	60	5800.0
28931.033856384	-9423.885550464	1.0	0.203803	60	60	7200.0
24089.995138176	-32055.280722432	1.0	2.036267	60	60	7200.0
-13368.40217856	-22688.737708032004	1.0	1.817109	60	60	5800.0
-25675.929620352003	-26774.765563392	1.0	0.733662	60	60	7200.0
-28163.877274368	3021.210225792	1.0	0.421684	60	60	5600.0
-10991.310967296	30026.260040832003	1.0	1.636081	60	60	7200.0
-23765.200550784	28927.60434432	1.0	10.733933	60	60	7200.0
1991.323407744	8014.666695552	1.0	0.375163	60	60	1600.0
1385.334580608	13006.554054912	1.0	22.597388	60	60	2500.0
-17052.679835135998	654.937024896	1.0	10.241959	60	60	4800.0
-19737.401980032	-11035.32008832	1.0	0.604716	60	60	5500.0
9309.95847936	26582.193069696	1.0	0.704244	60	60	6300.0
-27073.844443008	-10107.470507904	1.0	1.913218	60	60	6600.0
-8074.877082624001	31846.469947776	1.0	56.096146	60	60	7200.0
7115.2751450880005	3367.434837888	1.0	0.735961	60	60	2300.0
-4672.976533632	29600.965139328004	1.0	1.529984	60	60	7200.0
-20229.653638656	20879.461684224	1.0	1.608364	60	60	7200.0
-23220.442434816	4552.064909568	1.0	2.231301	60	60	6600.0
4076.960811264	-11116.075360896	1.0	2.083574	60	60	2700.0
19262.336505984	-21337.614562176	1.0	1.418684	60	60	7200.0
10208.939647104	12118.423084416	1.0	1.870023	60	60	4900.0
-21432.86519616	31380.162523776	1.0	1.935538	60	60	7200.0
-1138.195669248	-2604.435191424	1.0	2.053253	60	60	1200.0
-25949.313713664	21435.961574016	1.0	0.817148	60	60	6800.0
3135.531586176	-4110.977515392	1.0	1.62586	60	60	1600.0
-15576.793905024002	-23577.716802816	1.0	0.34223	60	60	7200.0
7584.897817728	-3964.462837632	1.0	1.540663	60	60	2100.0
28235.290305024	-4926.119907456	1.0	1.212539	60	60	6000.0
-15683.688142848	-3312.89899776	1.0	1.404779	60	60	3400.0
11530.610188416	576.743827968	1.0	1.412411	60	60	2400.0
-3534.9595015679997	17182.251339264	1.0	0.299818	60	60	4500.0
-22687.133192064	-18682.124541696	1.0	43.157426	60	60	7200.0
20049.703229952003	22896.570001536	1.0	0.755298	60	60	7200.0
18856.226594304	-28835.883001728	1.0	0.988608	60	60	7200.0
8594.157673728001	-3790.444470912	1.0	2.447669	60	60	2600.0
-17315.0125632	-11920.036030848	1.0	1.596753	60	60	5000.0
3035.31129792	-29111.330274048	1.0	1.729669	60	60	7200.0
-11605.689304704	23543.309028096	1.0	0.905904	60	60	6400.0
15964.449469056	24258.081462912	1.0	39.009286	60	60	7200.0
-3222.7548122880003	-25620.774182784	1.0	46.067486	60	60	6300.0
22987.29837888	-638.980379136	1.0	1.613419	60	60	4900.0
6128.604041472	6266.425042944	1.0	2.253798	60	60	2400.0
8846.971132032	-7388.477382528001	1.0	1.080071	60	60	3600.0
-20867.793940224	-18586.640552832003	1.0	1.62056	60	60	5800.0
6556.414347647999	17360.437906944	1.0	14.771411	60	60	5500.0
-13287.102947712	25077.6833472	1.0	15.942362	60	60	6700.0
-14638.065159168002	15406.575199488	1.0	28.291852	60	60	5800.0
7213.060495872	12597.967362816	1.0	1.36874	60	60	4500.0
31563.671192064	16675.645941504	1.0	1.745244	60	60	7200.0
-29738.716939008	-4148.158189824	1.0	1.590934	60	60	7200.0
-4541.580033408	-31911.868859904	1.0	1.665035	60	60	7200.0
-1523.253752064	17502.069835008002	1.0	49.679751	60	60	5500.0
20705.496425856003	-1745.2547101440002	1.0	0.624221	60	60	4800.0
17067.635468928	19055.117372544	1.0	0.449406	60	60	5500.0
29422.297377792	8134.229689344001	1.0	1.144129	60	60	7200.0
4010.877927936	-31016.635854336	1.0	1.521539	60	60	7200.0
23675.677572096003	26365.72986432	1.0	0.47113	60	60	7200.0
-25673.235578496	-20581.663842432	1.0	33.373351	60	60	7200.0
32005.368527616	-2826.492476544	1.0	0.212527	60	60	6400.0
21447.684035712	24277.897315584	1.0	17.350319	60	60	7200.0
-2912.819298048	-6170.731839360001	1.0	1.059585	60	60	1400.0
10979.823469824	26181.387555840003	1.0	2.20486	60	60	6900.0
6174.888774912	12945.254141952	1.0	2.419278	60	60	3400.0
1458.04957056	-963.778185216	1.0	1.510189	60	60	1200.0
7806.726576000001	-14111.748516096	1.0	2.173847	60	60	4300.0
27878.36033664	-8509.255121664	1.0	0.38112	60	60	7200.0
-7939.73081088	21903.504974208	1.0	36.626808	60	60	5500.0
14229.956442240002	658.249054848	1.0	1.61782	60	60	2900.0
29684.654246016	-4750.625772288	1.0	0.378191	60	60	7200.0
12469.890939264	-20809.328082048003	1.0	0.87287	60	60	5500.0
-12461.997106944	-25533.78753024	1.0	0.373015	60	60	7200.0
-12496.523973120002	31675.401508608003	1.0	1.597003	60	60	7200.0
-9800.652292992	-6446.415685248	1.0	1.72437	60	60	2500.0
-26069.303183616	13821.284454912002	1.0	30.300486	60	60	7200.0
23670.514796544	8675.695087488	1.0	1.242027	60	60	6800.0
9628.732510848	-7597.64865024	1.0	1.325622	60	60	2500.0
20094.990170112	-24232.563704448	1.0	18.343486	60	60	7200.0
3472.4751114240003	6539.435768448001	1.0	1.515574	60	60	1600.0
16846.851174912	18454.690438272	1.0	1.218586	60	60	5900.0
-9363.725053056	21083.948151552	1.0	0.373105	60	60	5400.0
23558.948633088	5141.900750976	1.0	1.133186	60	60	6900.0
1857.543469056	-4184.0352956159995	1.0	1.284108	60	60	1200.0
-31462.663934592	-7754.773732992	1.0	1.655387	60	60	7200.0
-3516.2653616639996	-7041.655703808	1.0	1.680256	60	60	2500.0
7948.575765504	7485.33253248	1.0	1.045918	60	60	3400.0
-17747.786086272	-17678.003321088003	1.0	0.549786	60	60	6800.0
-23855.01643008	29455.985775744004	1.0	1.712223	60	60	7200.0
-3624.255562752	-24508.175129856	1.0	0.92625	60	60	6300.0
-22825.95359616	28518.473693952	1.0	2.094664	60	60	7200.0
-14934.158705664	7047.172535040001	1.0	2.027933	60	60	4400.0
31317.340171392003	4413.785245055999	1.0	33.067728	60	60	7200.0
-10401.819525504	-5940.06456384	1.0	27.846844	60	60	3100.0
-18358.583633280003	-3969.154075392	1.0	0.483348	60	60	5100.0
10597.604269824	-6939.866305152	1.0	28.775763	60	60	2500.0
5966.6219585280005	-9476.145778176	1.0	1.061207	60	60	3200.0
-15845.782879872002	23809.145298048	1.0	1.970693	60	60	7200.0
-30158.919876096003	-7911.066784895999	1.0	1.436714	60	60	7200.0
16176.82011264	6169.5071285760005	1.0	0.672294	60	60	3700.0
25881.262602624	-26378.607835008	1.0	8.819366	60	60	7200.0
-1303.808432256	24903.76958784	1.0	1.1302	60	60	6700.0
-24702.828505344	-19262.996337024	1.0	2.203177	60	60	6400.0
5826.151976832	-18772.399084032	1.0	0.728364	60	60	4300.0
-12868.720178688	-18491.605570944	1.0	1.443661	60	60	5800.0
8000.142365952001	-6503.716378368001	1.0	0.203241	60	60	3200.0
1342.405329408	26488.873648512003	1.0	0.874036	60	60	6900.0
22360.283472384	-20338.458167808	1.0	17.087073	60	60	7200.0
22392.82279872	-22075.86249792	1.0	2.084047	60	60	7200.0
-23369.326066944	27781.442422272	1.0	31.468076	60	60	7200.0
-26232.110860032	18407.662187904	1.0	0.399441	60	60	7200.0
-25446.161968128003	-25656.817051008	1.0	2.006684	60	60	7200.0
24208.4766528	-23217.000048	1.0	0.382865	60	60	7200.0
3285.3550751999996	14148.027957888	1.0	1.542046	60	60	2900.0
13628.43998208	-5041.183175424	1.0	0.255781	60	60	4100.0
14995.170546048	4698.623039616001	1.0	0.500276	60	60	4200.0
17558.147426688	28061.526214656	1.0	0.415661	60	60	7200.0
-28862.84434176	-12642.808514688	1.0	0.99644	60	60	7200.0
-25490.381913216	20763.21715776	1.0	1.237375	60	60	7200.0
-4387.338895104001	15387.716906496	1.0	0.556811	60	60	3500.0
-17837.63093376	13541.36642496	1.0	1.341432	60	60	6100.0
6723.87141888	15955.561062144005	1.0	12.115143	60	60	4700.0
-13218.577080192	-9889.663500288	1.0	0.758981	60	60	5100.0
-30624.438721536	-22700.936535552	1.0	1.65541	60	60	7200.0
-12207.580742016	-10118.348064	1.0	1.461049	60	60	4300.0
-25112.736468864	-11450.0399904	1.0	13.888723	60	60	6800.0
2700.496934784	-23771.631489408	1.0	1.487801	60	60	6300.0
-24791.257130112	-23611.373013888	1.0	1.037464	60	60	7200.0
-5290.512403968	19664.99276544	1.0	0.515837	60	60	5900.0
8921.997139968002	14034.747843072002	1.0	1.013771	60	60	5200.0
26940.875613696	-8920.709664768001	1.0	30.945432	60	60	7200.0
-14449.570743168002	-4209.892625664	1.0	1.027621	60	60	4800.0
31197.732115968003	25322.638378752	1.0	59.854743	60	60	7200.0
21065.825328768	19390.152215808	1.0	0.641002	60	60	7200.0
23522.223403008	-26895.813981696003	1.0	1.733731	60	60	7000.0
22879.462674816	-6208.919963136001	1.0	2.127782	60	60	4700.0
2764.275237504	27939.747154176	1.0	1.642861	60	60	7200.0
-2484.857713536	14329.652084352	1.0	0.460807	60	60	3300.0
27254.831269248	-14060.970494208	1.0	0.577758	60	60	7200.0
5319.945696384	-5441.629805568	1.0	1.31178	60	60	1600.0
-13199.158735488	14292.320131584002	1.0	0.964017	60	60	5400.0
-27277.75315584	-21122.442050688	1.0	1.035406	60	60	7200.0
16676.214039936	-20931.044378112	1.0	0.574184	60	60	7200.0
-27987.639622272003	-13404.60437184	1.0	1.557485	60	60	7200.0
-9055.353821184	17331.812505216	1.0	45.327027	60	60	4500.0
25436.433483648	-20031.015527424	1.0	5.763003	60	60	7100.0
19091.3662368	18120.856165632	1.0	1.683777	60	60	6700.0
-24078.65891904	28795.124755584	1.0	1.981064	60	60	7200.0
23497.582737024	12190.755050496	1.0	2.019183	60	60	7200.0
-3454.757843328	-16482.685595904	1.0	1.14531	60	60	5100.0
8866.82560896	19446.4679904	1.0	1.19077	60	60	6100.0
-13191.105578112	-15997.70012544	1.0	0.542882	60	60	5000.0
28385.875013760004	10066.280957568	1.0	1.338167	60	60	6600.0
-21073.400510976004	-7695.340659072001	1.0	1.882438	60	60	6800.0
13391.60087232	-24249.154431744	1.0	1.322972	60	60	7200.0
6486.232465151999	16870.292879616	1.0	1.685678	60	60	4900.0
26995.033257984	28868.600965248	1.0	1.481127	60	60	7200.0
-4819.014845568	-30219.109341696003	1.0	2.206514	60	60	7200.0
-26788.22289792	5632.362819072	1.0	1.838296	60	60	7200.0
-8016.636532608	-30690.627821568	1.0	1.267957	60	60	7200.0
11673.719494272002	-23152.660084224	1.0	1.12893	60	60	5300.0
-10832.891971968	-29200.069502208004	1.0	24.765315	60	60	7200.0
29027.422296576	17807.544247679998	1.0	1.791908	60	60	7100.0
-18128.780575488	662.323913856	1.0	1.258697	60	60	4700.0
-31371.579892224003	-24705.28919232	1.0	0.682566	60	60	7200.0
-5639.357028096	21424.620526848	1.0	2.213357	60	60	6000.0
13283.341910784	-25316.989581312	1.0	25.615579	60	60	6000.0
5562.821455488	-6439.859217792	1.0	0.697064	60	60	2400.0
-31441.69740096	-24679.306333440003	1.0	1.657018	60	60	7200.0
-17661.49627968	-3137.195647872	1.0	1.541193	60	60	3900.0
-24795.859853952	-24244.490552832	1.0	0.292512	60	60	7200.0
-27673.589015424004	-23005.545121152	1.0	57.828465	60	60	7200.0
-26050.599387648	3352.8219943679997	1.0	1.742615	60	60	6800.0
2808.384137856	24026.601468672	1.0	56.37792	60	60	7200.0
-24975.543111552	596.239421184	1.0	1.469684	60	60	7200.0
-28141.159774464	-3976.579588608	1.0	1.661856	60	60	7200.0
14105.6587584	-20373.271497216	1.0	25.182619	60	60	7200.0
27295.658717184004	-24064.366334976003	1.0	33.367803	60	60	7200.0
-3109.065924096	-9611.4449376	1.0	0.867666	60	60	2200.0
31257.21829824	-21828.548168064	1.0	0.557394	60	60	7200.0
-10074.116853504	28198.492654464	1.0	0.721485	60	60	7200.0
5642.857351296	12120.108067584	1.0	1.917547	60	60	3500.0
15101.948911103998	-2797.89282432	1.0	2.161564	60	60	4000.0
30869.013947904	-30930.362141184	1.0	36.239476	60	60	7200.0
27080.233538688	18850.344441984	1.0	2.102655	60	60	7200.0
2.4268907520000003	31940.933612544	1.0	2.067293	60	60	6500.0
-8996.25710016	21145.529699712	1.0	21.237674	60	60	5300.0
27921.065889024	-21294.112384512	1.0	1.650184	60	60	7200.0
16382.623023360002	-20872.779687936003	1.0	10.652942	60	60	6000.0
-6563.860782336	-30189.146575104005	1.0	1.201781	60	60	6100.0
13289.243375232	16785.937504512	1.0	1.952267	60	60	4200.0
-16567.473884544	10808.854809984	1.0	51.653825	60	60	4500.0
9995.996077056	-15089.051628288	1.0	43.833502	60	60	5100.0
-15192.814082688	-17951.498459136	1.0	0.90187	60	60	5400.0
-12751.365204864	31030.918782336	1.0	1.12899	60	60	7200.0
26623.619193600003	16525.515067776	1.0	0.326004	60	60	7200.0
-20386.097968896	-7623.811755648001	1.0	40.318261	60	60	4200.0
8155.683854208001	11565.50237568	1.0	1.272498	60	60	4400.0
-29711.200375296004	-6608.262583296	1.0	2.052277	60	60	7200.0
-29599.056457344	-10592.721520128	1.0	1.2087	60	60	7200.0
-9571.126042368	1949.031456768	1.0	1.118385	60	60	2900.0
11830.511442816	-20114.862349824	1.0	0.730234	60	60	6200.0
-6528.781911168001	-5473.068340608	1.0	2.090089	60	60	2400.0
26769.226201344	13619.74147776	1.0	0.832312	60	60	7100.0
-2945.048020992	-19943.855065728003	1.0	0.947193	60	60	5500.0
-26295.121505664	15890.83968384	1.0	0.506773	60	60	7100.0
-795.5663316480001	21243.778541568	1.0	1.864355	60	60	6000.0
-7173.853657344001	17895.754001664	1.0	0.595326	60	60	4200.0
31938.447176064	19251.618274944	1.0	0.523028	60	60	7200.0
-8112.257315712	-22810.011434496	1.0	0.83649	60	60	4700.0
21985.727968512	29757.893882112	1.0	1.210476	60	60	7200.0
13888.81574784	-20732.835961728	1.0	45.728411	60	60	5200.0
-28376.989825536	26092.085057279997	1.0	7.037404	60	60	7200.0
-2423.461239936	16987.594745088	1.0	0.317526	60	60	4200.0
-3894.964926336	-22863.876178176	1.0	0.848576	60	60	5200.0
-8402.085686016	-19459.587362688	1.0	0.208765	60	60	4900.0
1965.1780051200003	13082.986629504	1.0	0.704589	60	60	3600.0
-30590.702043264	12023.80331328	1.0	0.44851	60	60	7200.0
-919.403743104	8495.326249344	1.0	37.109116	60	60	2300.0
-24146.228836224	5530.734354816	1.0	1.046033	60	60	5500.0
10175.426667648	-16571.934986112003	1.0	1.194224	60	60	6200.0
-24789.551225472	-5743.9257638399995	1.0	0.504229	60	60	5300.0
13939.444100736	12857.41936512	1.0	36.446151	60	60	5000.0
16869.724781184	-12472.62521472	1.0	0.723429	60	60	6000.0
-4730.282054784	-21780.647653248	1.0	1.793366	60	60	6600.0
-20845.119892608003	-3876.243427584001	1.0	6.050142	60	60	4400.0
11717.411574528	21743.386511616	1.0	1.458009	60	60	5600.0
-25092.22377024	17102.146241664	1.0	0.887904	60	60	6700.0
14550.48948672	-1626.106927104	1.0	40.271397	60	60	3500.0
-20259.313848576003	22532.961255552003	1.0	2.056767	60	60	6300.0
26488.995958656003	10174.374156672	1.0	24.898574	60	60	7200.0
-29223.776748671997	-8074.968815232	1.0	2.04935	60	60	7200.0
-18535.477897728	26919.020722176003	1.0	1.675968	60	60	6400.0
356.978248704	2419.333272576	1.0	18.74742	60	60	1200.0
-20990.438827776	7682.696043264001	1.0	1.061321	60	60	6300.0
16365.092439168	4960.435949568	1.0	2.253922	60	60	5400.0
2134.460072448	-17881.215187968002	1.0	1.700178	60	60	5300.0
23045.22671616	24963.147944064	1.0	0.563572	60	60	7200.0
-695.535945984	-23442.451439616	1.0	41.151494	60	60	5500.0
-3667.543697664	-24846.312788352003	1.0	0.256399	60	60	6200.0
-13491.663444864	4970.222370432	1.0	54.821945	60	60	3000.0
31277.454189696004	2990.04849792	1.0	17.030108	60	60	7000.0
26416.533635712003	-16838.567881344003	1.0	0.359094	60	60	7200.0
1345.152479616	-31932.159469056	1.0	50.046771	60	60	7200.0
-27659.00674944	5617.848145536	1.0	1.193781	60	60	6400.0
18460.551669120003	-29.312591616	1.0	1.865295	60	60	5800.0
-15859.265963904	1163.2595927040002	1.0	0.46281	60	60	4400.0
16754.262395904	-9624.3196896	1.0	0.246457	60	60	4200.0
30029.66702208	4836.294372096	1.0	1.001632	60	60	7200.0
-27655.553097216	22940.754541056	1.0	0.384447	60	60	7200.0
10710.099024768	9756.195774336	1.0	48.799358	60	60	3900.0
31965.199301376	7040.484101376001	1.0	0.831096	60	60	7200.0
-21105.262303488	28191.145999104	1.0	1.558859	60	60	7200.0
7035.557899392	31867.273937664	1.0	52.390052	60	60	6700.0
4157.819081856001	20512.82737152	1.0	4.54175	60	60	4000.0
-11289.425849856	-24792.678180864	1.0	1.01077	60	60	7200.0
7436.168682624	-13683.21400512	1.0	1.830243	60	60	3500.0
-6183.450484992	-3924.774805248	1.0	2.101198	60	60	1400.0
7501.654499328	-17358.091483392003	1.0	0.977825	60	60	4400.0
7821.888205824001	-20763.561557376	1.0	1.591553	60	60	5100.0
-16738.600260096	-17041.210040448	1.0	4.039493	60	60	6000.0
21429.144392832	-22972.57288128	1.0	0.256346	60	60	7200.0
-26655.186476159997	-22400.190375552	1.0	0.575248	60	60	7200.0
-20802.430433664	-7583.42204928	1.0	44.203803	60	60	4900.0
7293.25732608	25848.745807104	1.0	1.892588	60	60	7200.0
9621.595070208	-13164.432310656	1.0	22.830708	60	60	5000.0
-20369.801751552	-784.561637376	1.0	1.897348	60	60	5800.0
15025.348964736	20459.7109728	1.0	1.15769	60	60	5900.0
-5114.0156474880005	-26629.346848896	1.0	1.378195	60	60	7200.0
13523.134166784	26731.536974208	1.0	1.958745	60	60	7200.0
834.3563500800001	197.761018752	1.0	1.335626	60	60	1200.0
6882.469051392	-17057.657536128	1.0	1.067029	60	60	4500.0
-2582.12002752	-16357.576802688	1.0	0.727054	60	60	3900.0
10659.525389568002	6365.8149096960005	1.0	1.754328	60	60	3300.0
-6884.326234368	22964.683876992003	1.0	1.899801	60	60	5900.0
22617.14121216	30274.066829952004	1.0	0.218153	60	60	7200.0
28496.184279552	-20088.78132096	1.0	2.019415	60	60	7200.0
-19289.198066688	-20892.466793088	1.0	0.448588	60	60	7200.0
-32166.515361024	26818.81652736	1.0	25.694629	60	60	7200.0
4231.939029120001	-15504.996241152	1.0	0.840412	60	60	4700.0
2867.9330845440004	-27662.193250560005	1.0	1.834514	60	60	6800.0
-28205.720218368	-28034.727418368	1.0	1.296797	60	60	7200.0
-8099.800993152	-18688.022787456	1.0	46.21753	60	60	4500.0
1669.5479496960002	5558.9960448	1.0	2.131984	60	60	1500.0
-6049.614219264001	-21400.229309184	1.0	1.002536	60	60	6300.0
-11410.56278208	27667.838829312004	1.0	0.355332	60	60	7200.0
-4637.844554112	-3908.972656512	1.0	0.653543	60	60	1400.0
-5892.738584832	-3186.262937088	1.0	2.246738	60	60	2000.0
-4441.998654720001	-11412.621133056	1.0	1.854279	60	60	3700.0
-21452.848420608003	-26766.18293184	1.0	9.552449	60	60	7200.0
2099.68697664	28337.696082432	1.0	0.469513	60	60	6300.0
23475.817968768	31955.016981888	1.0	1.675644	60	60	7200.0
-2227.674886272	26466.687232128003	1.0	2.066422	60	60	6200.0
19014.220722816	-20074.38573888	1.0	1.398819	60	60	6200.0
16547.662859904	-11504.133260928	1.0	1.605173	60	60	4700.0
-13396.985737344	-1698.591780864	1.0	0.674104	60	60	3000.0
-10334.099939328002	-29776.81493952	1.0	1.473488	60	60	7200.0
10614.86287488	2208.8503895040003	1.0	0.38673	60	60	3000.0
4870.6232889600005	27040.973591808004	1.0	1.108138	60	60	7200.0
-7955.895062016	9598.227395328	1.0	0.304441	60	60	4000.0
16313.699647872	-7174.825701120001	1.0	37.208969	60	60	3600.0
20525.059995264	16817.833093248002	1.0	0.740732	60	60	7100.0
-21659.375536128	-734.2680280320001	1.0	0.858082	60	60	5200.0
-396.983321856	5667.576875136	1.0	0.669026	60	60	1300.0
26065.398915072	-5610.540114432	1.0	54.777498	60	60	7200.0
-4491.5262163200005	-2995.9950240000003	1.0	2.26981	60	60	1200.0
24114.50705664	-15729.153720192	1.0	7.496997	60	60	7200.0
25650.357144192	24864.192600192	1.0	2.210755	60	60	7200.0
32033.797589376	8004.857743872	1.0	1.646887	60	60	7200.0
-25967.10340224	-26558.546978304	1.0	1.620119	60	60	7200.0
15275.991417984	-31134.608816256	1.0	34.838672	60	60	7200.0
-10642.34242368	22150.708259328	1.0	0.725726	60	60	5800.0
-29739.222273024	14495.852257920002	1.0	17.649745	60	60	7200.0
28441.295993088	-27833.730008832	1.0	18.135983	60	60	7200.0
-7832.630577024001	26124.938205696	1.0	0.221022	60	60	7200.0
22915.463700096	28113.535384704	1.0	1.821299	60	60	7200.0
9201.709173888	15724.93241088	1.0	2.223706	60	60	5700.0
12424.4977824	8916.462605952	1.0	1.213538	60	60	4100.0
-29922.956249472	30342.533151744	1.0	1.136416	60	60	7200.0
8818.265263104	-17572.137454080002	1.0	5.114152	60	60	4000.0
-16559.924451839997	27495.5617728	1.0	40.244827	60	60	7200.0
7459.692463872	3113.974423296	1.0	1.662723	60	60	1700.0
4731.960600576	-16176.554570880002	1.0	0.395467	60	60	4800.0
-31643.431890048003	-22189.475746944	1.0	0.583729	60	60	7200.0
-25655.527966464	-13400.640557568	1.0	1.817119	60	60	6900.0
139.07789913599998	20315.298098304	1.0	0.795485	60	60	5300.0
17658.065158272002	-10679.891637888	1.0	0.787565	60	60	6500.0
8939.888217216001	25092.008118144	1.0	1.819617	60	60	6300.0
-18650.084112	-16819.484280192002	1.0	0.479634	60	60	5300.0
-31798.957284864	-2114.201650176	1.0	1.795244	60	60	7200.0
6525.886701312001	-27713.734101504	1.0	54.55239	60	60	6300.0
-14423.4639648	-15422.09410368	1.0	1.649311	60	60	6400.0
14689.911785472	-13754.535303168	1.0	25.725012	60	60	5500.0
-532.13764032	2760.087724416	1.0	0.729113	60	60	1200.0
21388.522940928	27295.246725120003	1.0	1.718608	60	60	7200.0
26945.195092992	-5792.898101760001	1.0	1.299929	60	60	7200.0
-13223.232912384	-9850.952339712	1.0	1.006848	60	60	4300.0
28487.41657344	-6960.575343744001	1.0	0.312231	60	60	6700.0
19233.022305024	-21127.165475328	1.0	0.796081	60	60	5900.0
26374.610224512	-16231.302844416	1.0	1.445134	60	60	7100.0
2540.8564473600004	20524.789625472	1.0	26.752668	60	60	5000.0
28985.204375424	-20511.924529536	1.0	1.5408	60	60	7200.0
4814.490979584	4095.881868672	1.0	2.12246	60	60	1700.0
-15159.193277183998	21328.069542912	1.0	0.592909	60	60	5700.0
-1395.3414816000002	-31307.34131712	1.0	0.58156	60	60	7200.0
19178.86627008	-32153.441050368	1.0	1.328523	60	60	7200.0
19635.250478976	-16047.502884864	1.0	1.765216	60	60	5900.0
15910.118015616	26935.749853056	1.0	1.843941	60	60	7200.0
12000.182971392	20755.382871168	1.0	0.455724	60	60	4900.0
16755.242486400002	28252.688923008	1.0	1.301696	60	60	7200.0
28959.168408192	23972.871909888	1.0	1.441771	60	60	7200.0
-25388.508828672	17932.263579648003	1.0	1.558691	60	60	7100.0
17434.591650432	21072.872646144	1.0	0.574703	60	60	7200.0
115.629757056	-31625.215725312	1.0	0.208592	60	60	7200.0
-18012.318787583998	19167.277383936	1.0	0.337528	60	60	7200.0
-21520.468227456	-208.64340288	1.0	0.220384	60	60	6500.0
28940.987649024	27098.889054336	1.0	24.877347	60	60	7200.0
863.825048064	-3883.075092864001	1.0	1.118554	60	60	1200.0
-19340.02597824	20017.516349952	1.0	2.049529	60	60	6300.0
-19118.23423488	-15257.78008128	1.0	1.815576	60	60	5100.0
-22842.285219072	20794.243700736	1.0	0.320512	60	60	6100.0
-29318.052120192	15356.29607424	1.0	1.201165	60	60	7100.0
-26291.510137728004	16705.232121600002	1.0	2.251641	60	60	7200.0
24133.852980864	27670.502293632	1.0	1.734487	60	60	7200.0
9897.295009536	18449.271777024	1.0	1.851069	60	60	4700.0
-10835.837071488	411.826301568	1.0	1.562025	60	60	2500.0
-9592.633315584	24214.39903872	1.0	6.437362	60	60	6300.0
19707.17367168	7238.058436224	1.0	1.045852	60	60	5800.0
44.807355648	28359.742485888	1.0	1.699775	60	60	7200.0
10831.141005696	10074.567469824	1.0	0.225257	60	60	2900.0
-23149.526691456	269.314062336	1.0	23.721934	60	60	6900.0
-17607.94535808	2492.144823168	1.0	3.759049	60	60	5600.0
2151.337262976	-28426.861786752	1.0	34.029744	60	60	7200.0
-26641.291400064005	30010.512609792	1.0	1.605393	60	60	7200.0
29560.025037312	-15888.56246208	1.0	0.390611	60	60	7200.0
2044.616834304	-9573.280953984	1.0	1.063501	60	60	2400.0
29545.788780288003	-28937.897708544	1.0	2.137946	60	60	7200.0
-7821.030425472	-9311.303890944	1.0	0.586682	60	60	2800.0
-25308.979876224003	-4324.804615296	1.0	0.807271	60	60	6800.0
29586.415060224004	-30968.46979776	1.0	1.524878	60	60	7200.0
-28642.15499904	-8258.118599808	1.0	1.458755	60	60	7200.0
3957.759919872	-5846.77893888	1.0	1.413816	60	60	1400.0
14396.602404096	7891.089997824	1.0	0.922768	60	60	4000.0
23139.978453504	17912.34472896	1.0	46.127029	60	60	6500.0
13812.901382016	11053.816278912	1.0	19.495516	60	60	5400.0
27564.179372928	13543.822283904	1.0	1.168653	60	60	6700.0
1182.661843968	1568.484365184	1.0	0.538766	60	60	1200.0
-13882.251233664	11610.62838144	1.0	30.453734	60	60	5300.0
4357.825135488	-21132.613104768003	1.0	1.636421	60	60	4300.0
16263.999886464	18657.32616	1.0	0.207444	60	60	5000.0
21651.080977152	5948.925611904	1.0	2.075638	60	60	4600.0
31162.101239808	29877.456875904	1.0	1.822005	60	60	7200.0
19034.482363776	20334.468604032	1.0	1.622827	60	60	6700.0
-25420.217733504003	-16303.987256832	1.0	29.214884	60	60	7200.0
-3982.384492416	-23235.185635200003	1.0	1.974803	60	60	6600.0
-14510.622817152	15660.318858624	1.0	1.397866	60	60	5000.0
-3057.9145344	4799.9312444160005	1.0	1.789059	60	60	1600.0
-6965.0300079359995	-22810.156275456	1.0	29.849513	60	60	7200.0
20739.260462976003	-11219.486978304	1.0	52.255027	60	60	6800.0
9696.905932032	-4530.11828544	1.0	46.124503	60	60	3000.0
14662.546500096	-20724.07791168	1.0	2.113065	60	60	5900.0
19997.872697088	-22756.63110336	1.0	0.420343	60	60	7200.0
-22540.575062016	5635.2210140160005	1.0	1.154919	60	60	5700.0
-11761.274245248002	-12804.764848128	1.0	0.254639	60	60	4300.0
-24399.581424768	1555.661112192	1.0	2.003823	60	60	7200.0
32011.266773376003	26163.192312576	1.0	2.146193	60	60	7200.0
-22887.948745728	-19896.541961472	1.0	1.692702	60	60	7200.0
-10656.438667776	-13730.988991104	1.0	54.646705	60	60	4200.0
-28294.742691072	-19927.681158528	1.0	0.753335	60	60	7200.0
15477.943168512	30797.07466176	1.0	0.575541	60	60	7200.0
5175.315560448	-25669.10117376	1.0	0.889243	60	60	5600.0
7841.8102752	10696.838030208	1.0	0.428863	60	60	3000.0
7421.528480256001	-12599.019873792002	1.0	2.15311	60	60	4300.0
24281.442700416	-11668.405440384	1.0	1.938342	60	60	5400.0
-16425.613429632	-26860.585441536005	1.0	1.373319	60	60	7000.0
-26621.893976832	-29789.651067264003	1.0	1.271129	60	60	7200.0
21467.849116032	20736.793338624	1.0	1.847059	60	60	7200.0
-2080.2300076799997	17607.238856064	1.0	0.584019	60	60	5300.0
885.6220032	-12896.988306048	1.0	1.666826	60	60	2600.0
-7491.116514816001	-24984.309208320003	1.0	1.752931	60	60	7200.0
-10766.709309312	14549.039467776	1.0	1.830582	60	60	3500.0
6552.568015487999	-7321.41279936	1.0	40.738251	60	60	2000.0
9311.85750528	-107.63292672	1.0	1.785771	60	60	2000.0
31359.865477248	-6980.3236039680005	1.0	0.264643	60	60	7200.0
-22194.152500608	-6262.675271424	1.0	1.554907	60	60	7200.0
7848.308806272	4415.8033624320005	1.0	0.366053	60	60	2100.0
-6079.662281088	6989.950699776	1.0	2.152796	60	60	2900.0
-1381.916333952	18671.562417024	1.0	0.398767	60	60	5900.0
4809.14634816	13737.083576832	1.0	0.433121	60	60	4000.0
-11319.901997184	-10368.172970496002	1.0	1.907412	60	60	3200.0
5154.18165504	8877.12541056	1.0	0.797753	60	60	2400.0
11674.974782592	-6613.866319104	1.0	0.698511	60	60	3600.0
-28243.683033984	-16923.278921472	1.0	38.507028	60	60	7200.0
28841.272694784	-32038.1363808	1.0	0.465648	60	60	7200.0
8249.074086528	-24358.876286976	1.0	1.205442	60	60	5300.0
24219.837012096003	7746.887947392	1.0	1.84029	60	60	7200.0
31055.290687872	3330.281522304	1.0	1.358698	60	60	7200.0
-7963.706817792001	-4875.448102272	1.0	8.961605	60	60	2800.0
8484.336039168	11587.556825856	1.0	2.092009	60	60	4000.0
-27407.271551616	30244.783206528	1.0	1.859956	60	60	7200.0
-29997.14217984	16698.342519936	1.0	1.054395	60	60	6900.0
31522.129195392004	-714.3878016000001	1.0	21.448913	60	60	7200.0
7769.492793216001	-10817.926682112	1.0	1.887089	60	60	3000.0
18562.107712896	-7565.497175808	1.0	1.729879	60	60	5000.0
23059.17972864	6959.889763200001	1.0	1.084339	60	60	5300.0
8886.134518272002	19181.141882496	1.0	0.830313	60	60	5600.0
28452.40529472	-1772.140411008	1.0	0.209128	60	60	6500.0
-8129.768587776	-23935.898840832	1.0	1.6493	60	60	7200.0
-6849.141146496	-12893.341532544002	1.0	0.223217	60	60	4600.0
24167.031216768	-12517.939513728	1.0	19.536182	60	60	6800.0
23460.368266368	-13846.745886336	1.0	0.32643	60	60	7200.0
3824.5255488	7788.539379456	1.0	20.881815	60	60	2600.0
31180.18704768	26245.941562368	1.0	1.924849	60	60	7200.0
-12826.2302784	-5529.417911424	1.0	13.211555	60	60	4000.0
9373.64826816	-28459.86460416	1.0	0.322193	60	60	7200.0
13208.526726912	-13362.264140544	1.0	1.881556	60	60	5500.0
11824.455481344	-15747.29424576	1.0	0.908792	60	60	4300.0
23143.004020224	18652.758841728	1.0	1.190759	60	60	7200.0
26775.9436032	8627.268317184	1.0	1.30014	60	60	5900.0
28808.324595072005	-12560.694955776	1.0	1.069057	60	60	7200.0
22413.734614656	28256.448350592	1.0	2.264368	60	60	7200.0
21471.985130112	-9702.688305024	1.0	1.014517	60	60	7100.0
-17652.242551680003	11839.835981952	1.0	0.64411	60	60	4100.0
3227.558704128	27803.817131904	1.0	0.923981	60	60	7200.0
-8509.150514304	11372.12360064	1.0	1.270068	60	60	3000.0
13146.447891456002	-23628.992112	1.0	0.824926	60	60	5500.0
2909.83074624	-3401.7718014720003	1.0	0.776076	60	60	1300.0
-4117.12842816	12896.709889536	1.0	0.247448	60	60	4100.0
-12507.575338368	-25753.152382848	1.0	40.894404	60	60	7000.0
-8505.550411776	-25715.65144896	1.0	1.779291	60	60	7200.0
-2550.015224064	-6703.677370368001	1.0	1.132483	60	60	2000.0
-19367.128940544	15570.424121472	1.0	14.989705	60	60	7200.0
-29473.583952384004	18765.32923584	1.0	22.197545	60	60	7200.0
15776.127252864	1354.457706624	1.0	1.750878	60	60	4100.0
29804.650153344	-28439.895863808	1.0	0.614063	60	60	7200.0
31401.014793984003	19771.552259712	1.0	2.012612	60	60	7200.0
-9379.462828032	-2376.717843456	1.0	0.432627	60	60	2900.0
10201.721739264	2878.670627712	1.0	1.327836	60	60	2300.0
28230.092123904	-7206.7631328	1.0	0.207162	60	60	7200.0
20977.1150688	16403.013411840002	1.0	0.72135	60	60	7200.0
27936.903443328	-24121.102148352	1.0	1.411906	60	60	7200.0
-14571.406130688	-27087.488461440003	1.0	0.715578	60	60	7200.0
1058.372206848	12561.663780864	1.0	0.614858	60	60	3700.0
18810.7368768	-2057.901969024	1.0	1.553556	60	60	5600.0
-22262.094176256	-14512.286878848	1.0	1.325413	60	60	5300.0
24576.186007296	12886.875188352002	1.0	1.187552	60	60	6500.0
115.861502592	-22410.95205888	1.0	0.446768	60	60	7000.0
-29507.867807616003	18305.269285248	1.0	51.693287	60	60	7000.0
25441.000801920003	10708.433353728	1.0	40.127612	60	60	6500.0
-3935.266118784	-27198.233859456	1.0	1.113845	60	60	7200.0
6538.735703808	24068.582816256003	1.0	12.43776	60	60	7000.0
23771.55585024	-10507.31846208	1.0	21.88794	60	60	7200.0
-26158.28542272	-31054.711324032003	1.0	0.789681	60	60	7200.0
-6209.91936576	-6638.577796224001	1.0	1.21909	60	60	2600.0
-8071.614942336001	-22788.554050944003	1.0	0.56565	60	60	6300.0
20324.168802432	10671.830433792	1.0	0.257467	60	60	5600.0
29621.579226624	11764.953205632	1.0	11.016383	60	60	7200.0
-29515.476786048	28236.67273152	1.0	0.833527	60	60	7200.0
7906.597636607999	-5421.232979712	1.0	1.58055	60	60	2200.0
1015.02130752	-1202.46964992	1.0	0.747513	60	60	1200.0
519.621772032	15153.75208512	1.0	1.39119	60	60	3800.0
-21716.127442944	5850.119937024	1.0	1.146933	60	60	5900.0
21098.152221696	23442.25188096	1.0	30.856322	60	60	7200.0
5899.499438976	3032.227794816	1.0	36.037332	60	60	2100.0
8890.52319936	5414.525233920001	1.0	1.617008	60	60	2600.0
-20883.866458752	24.69538368	1.0	2.105419	60	60	6200.0
26678.447934336	6239.146662144	1.0	1.018024	60	60	6100.0
-30407.713193088	-22382.914067712	1.0	24.61001	60	60	7200.0
-18502.114587264	22499.058814848	1.0	0.6029	60	60	7200.0
17644.334235264	26085.496402944	1.0	1.973456	60	60	7200.0
-14966.088090624	16658.723689344	1.0	1.105434	60	60	7100.0
-2535.334788096	7361.084738304001	1.0	0.826954	60	60	2400.0
29243.49443136	21462.491609856	1.0	1.814394	60	60	7200.0
-3112.89777216	-9546.099133824	1.0	0.759045	60	60	3000.0
21824.252828928	9874.521182592	1.0	2.095177	60	60	5300.0
-27580.852176768003	317.069736192	1.0	1.949356	60	60	7200.0
1944.290329344	2429.76343104	1.0	0.266812	60	60	1200.0
29243.420401536	19869.693275520003	1.0	17.491471	60	60	7200.0
-31605.084441216	20856.40622208	1.0	44.066876	60	60	7200.0
-5827.558543488	7827.06868416	1.0	0.297	60	60	2600.0
3973.499304192	21582.38130048	1.0	0.465624	60	60	6000.0
12378.541355136	25753.80094848	1.0	1.986721	60	60	5600.0
-6398.577934848	29243.825956224	1.0	0.318811	60	60	7100.0
-18437.024669184	-4343.149527552	1.0	0.704709	60	60	5300.0
-32086.419919488	10311.79925952	1.0	16.593318	60	60	7200.0
18059.79282624	-20764.160233344	1.0	1.861348	60	60	7200.0
24529.704933888	-7453.713750911999	1.0	0.606033	60	60	6000.0
-13343.26422528	-12788.019623808	1.0	16.473288	60	60	3700.0
28576.023835392003	-29505.667834368	1.0	1.06911	60	60	7200.0
1833.58999296	25603.423845120004	1.0	1.238058	60	60	7200.0
27501.14619648	15326.059719168	1.0	1.173245	60	60	7200.0
21142.640927232	-11403.145315584	1.0	1.86561	60	60	6300.0
29117.280018816	27771.779920896	1.0	0.648483	60	60	7200.0
-24057.961145856	26513.277740928	1.0	1.582795	60	60	7200.0
-28448.55896256	-12807.759837312	1.0	27.246361	60	60	7200.0
-15385.975596288	-18685.356104448	1.0	1.471041	60	60	6600.0
23730.771854592	3095.626292352	1.0	1.385731	60	60	7200.0
-25071.654744576	-26523.513168768	1.0	0.843792	60	60	7200.0
16527.330407808	-16618.86667584	1.0	0.726708	60	60	7000.0
-1118.58259392	-16811.102816640003	1.0	0.333295	60	60	4800.0
12341.146637952	24892.079313024	1.0	0.387554	60	60	7200.0
-9173.770962048	9156.890552832	1.0	0.407917	60	60	2500.0
-24989.513826816	-17786.259063936	1.0	2.028581	60	60	7200.0
25256.718039168	-29659.226610816	1.0	0.780841	60	60	7200.0
-28169.035221888	-16630.938365184	1.0	0.919237	60	60	6900.0
21319.329195648	-26292.758988672	1.0	1.173135	60	60	7200.0
3724.236058752	-10453.835132928	1.0	0.838038	60	60	2500.0
-13406.852625408	4338.009282816	1.0	1.063868	60	60	2800.0
-14502.444130944	-13317.86073024	1.0	0.474482	60	60	3800.0
-30983.459227776	14350.806911232	1.0	26.59989	60	60	7200.0
-5083.581343104	26928.539991936	1.0	29.243753	60	60	7200.0
19461.101755392	20953.468977408003	1.0	5.22171	60	60	6800.0
17360.334908928002	-3006.965922048	1.0	2.051415	60	60	4100.0
1497.88083456	22318.065551232	1.0	1.566793	60	60	4500.0
-23753.94158016	17347.71443328	1.0	1.799467	60	60	6300.0
-19995.177045888	-9689.575370112	1.0	0.311379	60	60	5300.0
-16990.459377408002	-30213.125800704	1.0	1.602674	60	60	7200.0
21186.382897152	-15755.809284864	1.0	1.550861	60	60	7200.0
12369.284408448	13779.003769344	1.0	1.165387	60	60	4100.0
-1140.411735936	-28535.801500799997	1.0	3.432024	60	60	6000.0
-1245.188077056	-18904.34437056	1.0	14.903001	60	60	4300.0
-24140.800518912	14096.200643712	1.0	2.120343	60	60	6700.0
-12384.446038272	-27276.153467904	1.0	27.014516	60	60	6200.0
-26013.368823552	-28797.162185088	1.0	2.183273	60	60	7200.0
-4509.010129536	-12646.238026752	1.0	1.735527	60	60	3100.0
28205.181088128003	25684.26119424	1.0	38.546982	60	60	7200.0
11220.525005184	-28521.024504192	1.0	2.269525	60	60	7100.0
22543.898357376	-5953.018173696	1.0	0.550957	60	60	5500.0
-17706.310072704	-14150.102402304	1.0	2.032308	60	60	6800.0
-16962.752911104	6608.975522688	1.0	2.234843	60	60	5200.0
3247.096140288	13994.446650624	1.0	1.312768	60	60	3500.0
7367.504411520001	-21378.116922624	1.0	1.483621	60	60	6700.0
-22669.029681408	23124.242287872003	1.0	40.702522	60	60	7200.0
-27479.42005248	25930.658198016	1.0	1.257742	60	60	7200.0
31480.022318976	-5708.032564608	1.0	9.545255	60	60	7200.0
