trucks_count 15
drones_count 15
customers 1000
depot 0 0
Coordinate X         Coordinate Y         Dronable Demand
X	Y	Dronable	Demand	Drone_service	Truck_service	Lw
2168.203188096	17739.045739008	1.0	0.792078	60	60	3700.0
11007.04391424	-23010.741692928	1.0	39.251477	60	60	5800.0
-5996.064907008001	10703.783958912	1.0	1.549923	60	60	2400.0
-13405.701944448	-16899.130714752002	1.0	1.779425	60	60	6500.0
13179.952824192002	7094.496904704	1.0	1.014046	60	60	3000.0
14546.944101888	3493.5977514240003	1.0	1.724783	60	60	4500.0
15966.860266368	10949.0914368	1.0	0.970319	60	60	3800.0
-11714.118856704	-23606.422671744	1.0	1.643633	60	60	6200.0
8536.781341439999	-15297.733655424	1.0	44.940994	60	60	4800.0
-21282.476827392	-22141.235660544	1.0	0.703531	60	60	7200.0
-18325.273431168	-22625.532331776	1.0	0.440162	60	60	7200.0
-7816.590245376	-9333.43880832	1.0	2.174884	60	60	2400.0
-16355.69065152	10343.717379072	1.0	1.16239	60	60	4300.0
10024.7244768	6452.832139776001	1.0	1.689933	60	60	2700.0
18020.833826688	3032.21331072	1.0	1.572927	60	60	3900.0
-6877.2113245440005	-4594.801039488	1.0	0.686194	60	60	1900.0
-7318.56426048	-245.334836736	1.0	16.219368	60	60	1700.0
-21448.517675904	7655.477208192	1.0	3.937402	60	60	5000.0
-10175.127329664	-8088.331198464	1.0	1.7151	60	60	4000.0
439.291366272	7516.624617216	1.0	0.648961	60	60	1900.0
2489.724369792	-4184.1753085440005	1.0	0.939946	60	60	1200.0
19161.596399616	-6190.504239744	1.0	1.071329	60	60	5900.0
-20758.0833504	-12837.886756992	1.0	0.398009	60	60	7000.0
11919.498509952	1609.892786304	1.0	1.621924	60	60	3800.0
-9265.825438848	16132.823866368	1.0	0.406774	60	60	4700.0
-6708.511839744	7704.06652224	1.0	0.570972	60	60	3200.0
-11133.259936128	-23208.596053632	1.0	1.434314	60	60	6100.0
17656.679513088	-14147.45342208	1.0	0.822915	60	60	5000.0
9009.471423744	7908.065358336001	1.0	1.116086	60	60	3500.0
6011.727042816	9830.423547648	1.0	0.876257	60	60	2700.0
-14733.491211648	-11421.66725568	1.0	0.749773	60	60	4500.0
-832.431574656	8781.408066816	1.0	31.006858	60	60	2500.0
10590.936757632	-20924.663329152	1.0	34.908709	60	60	4500.0
-2980.204140672	2567.323718784	1.0	1.73496	60	60	1200.0
11542.491975168	-21257.643040128	1.0	49.495712	60	60	6900.0
5475.659384448	15475.849411968	1.0	0.962193	60	60	4400.0
-302.107665024	16898.805627264002	1.0	0.466405	60	60	4100.0
-2185.447309056	-13021.403472	1.0	1.241041	60	60	3500.0
7931.162663424	3722.908349952	1.0	1.981762	60	60	2400.0
-6911.256996864001	21318.484290048	1.0	49.460614	60	60	4800.0
-18972.155689344	-6960.261521664001	1.0	1.423272	60	60	5600.0
-4419.358403327999	-7162.332363648	1.0	1.773228	60	60	2100.0
-15578.501419008002	16666.02850176	1.0	1.625273	60	60	5300.0
16888.927473792002	-8996.303771136	1.0	1.350428	60	60	4700.0
-17974.645653888	-17923.99637952	1.0	0.938504	60	60	7200.0
16026.026189184002	6954.018876288	1.0	1.851463	60	60	3900.0
12737.711530368	23727.871816704	1.0	3.861243	60	60	5600.0
14334.256417536	-10812.108903552002	1.0	1.025488	60	60	5000.0
22349.843657856	-9528.689250432	1.0	0.825882	60	60	4900.0
-14617.30140288	-7483.031170560001	1.0	0.4841	60	60	4400.0
22421.319452928	-4073.653609344	1.0	0.887553	60	60	5900.0
-22114.815060096003	475.614260352	1.0	0.224019	60	60	6900.0
-17203.457665152	-6930.9392739840005	1.0	53.950748	60	60	5400.0
2650.253215104	-17235.428893056003	1.0	58.233699	60	60	5000.0
-2011.1312136960005	4747.5213477120005	1.0	1.151122	60	60	1400.0
-19147.609590912	-13445.362617984	1.0	2.044655	60	60	6400.0
7513.071185664	8652.634797312	1.0	1.597836	60	60	3200.0
-15056.70864192	17713.37348352	1.0	0.84311	60	60	6200.0
7184.555794944	1940.073848064	1.0	2.05957	60	60	1600.0
8958.250832255999	-21762.993149568003	1.0	0.823674	60	60	5900.0
-6938.733326976	-12867.66283968	1.0	1.804691	60	60	3000.0
5628.843183744	20046.634210944	1.0	0.447483	60	60	5800.0
23470.571507328	-14203.004758272002	1.0	1.755969	60	60	6800.0
4415.3286059520005	-2102.4148147200003	1.0	30.782707	60	60	1200.0
-17467.053728256	-18818.580819456	1.0	0.968027	60	60	5800.0
3817.732507776	-2498.915333376	1.0	0.246827	60	60	1200.0
21244.373998848	15851.166135552	1.0	0.253952	60	60	6800.0
14261.75707968	-11708.014614912	1.0	1.221888	60	60	5000.0
-2899.577615616	14411.009251584002	1.0	0.320263	60	60	3600.0
15728.677354368	-12930.597846144	1.0	1.937023	60	60	4200.0
-18465.920440704	20230.538777856	1.0	1.965166	60	60	7200.0
-10458.188408448	-11266.579602432	1.0	1.104052	60	60	3500.0
16484.351266944	-16109.790935040002	1.0	2.039426	60	60	5400.0
22410.340508160003	-15295.609321344	1.0	0.710327	60	60	5200.0
596.477604096	-14623.824074112004	1.0	1.57167	60	60	3900.0
-12941.744162688	19570.286089728	1.0	0.870494	60	60	5900.0
-19780.501821696	-6448.457942784	1.0	0.942449	60	60	6200.0
13602.114332928	8557.644877056	1.0	1.353527	60	60	4600.0
-17148.242681856	-10878.56998272	1.0	1.488366	60	60	4400.0
-11487.9802752	22685.325898752	1.0	1.470183	60	60	7200.0
-1382.677553664	12533.728787712	1.0	1.508999	60	60	2800.0
-12781.82043072	-22985.207841024003	1.0	1.236401	60	60	6400.0
-18127.050530688	-22759.577812224	1.0	1.659377	60	60	5700.0
9303.31993536	22396.477618944	1.0	1.155903	60	60	6600.0
3850.76590272	-16155.61700544	1.0	0.428034	60	60	3800.0
22107.927067776	7536.491968896001	1.0	0.729457	60	60	5300.0
-18773.012244096	-4072.21163712	1.0	0.225985	60	60	4200.0
-2534.18571648	-2828.090555136	1.0	0.500445	60	60	1200.0
20271.237478272	9034.387287552	1.0	1.868361	60	60	6500.0
24071.9238144	-2461.992153984	1.0	1.388118	60	60	5900.0
-15011.296172928	-6023.644235136	1.0	2.163198	60	60	3500.0
17610.887238912	5419.227737088	1.0	1.407933	60	60	4600.0
-11209.092225408	3131.535585024	1.0	1.359203	60	60	3200.0
-6081.897659904001	19849.468649472	1.0	0.876763	60	60	6100.0
-9358.594464384	-23438.284848	1.0	1.257505	60	60	7100.0
-5686.864862976	-20280.73582656	1.0	1.212201	60	60	4100.0
-21274.322281344	-910.3254336	1.0	2.169456	60	60	5600.0
2768.1360537600003	8672.185108224	1.0	53.028084	60	60	1800.0
-11638.095055488	-13484.514738815998	1.0	1.836474	60	60	5500.0
11234.920587264	-3752.972505216	1.0	1.648052	60	60	3500.0
15914.619350784	10533.457427328	1.0	1.458428	60	60	3800.0
22532.63455872	-3773.739480192	1.0	0.702932	60	60	5300.0
20872.477131264	3654.279484416	1.0	1.250722	60	60	4400.0
-15395.3468064	-1462.39479936	1.0	0.562929	60	60	3700.0
-6140.3747834880005	23253.289145856	1.0	0.53925	60	60	7200.0
-16425.476635392	18132.934292352	1.0	0.941574	60	60	6300.0
-1331.151186816	-18472.301489664	1.0	53.882676	60	60	4000.0
-19650.056443776	-23703.186089088	1.0	1.393903	60	60	7200.0
7146.1825966080005	17259.704237952003	1.0	0.263082	60	60	5400.0
-2768.560920576	20891.903522688	1.0	1.607597	60	60	6500.0
18678.046464	2603.052764928	1.0	1.850014	60	60	4500.0
-7486.637710464	-20893.873359744	1.0	1.797133	60	60	5700.0
-5388.2607398400005	18706.108595328	1.0	1.604171	60	60	5800.0
-6213.875133312	3272.932548864	1.0	1.415387	60	60	2000.0
7345.190856960001	23130.39320064	1.0	2.224766	60	60	6200.0
16886.861076096	-13844.240137727998	1.0	42.832373	60	60	6300.0
22019.907216384003	15968.775385728	1.0	0.385292	60	60	5600.0
8053.290951552	-6435.988745472	1.0	1.110049	60	60	2400.0
-13685.689176192	-7741.322835839999	1.0	1.769619	60	60	4000.0
12051.970051968	-7003.80876096	1.0	48.726682	60	60	3600.0
17041.332350592	9941.466674304	1.0	20.485565	60	60	5300.0
-9924.330379392	-8384.7224736	1.0	1.404516	60	60	3800.0
21946.471240320003	17013.97672128	1.0	1.951794	60	60	7200.0
21076.232956416	17942.452336512	1.0	1.166713	60	60	5600.0
-21306.679751808	-1820.110127616	1.0	2.225542	60	60	6100.0
-12561.335474688	19363.953704832	1.0	34.670218	60	60	6600.0
1409.09332608	-4198.535485056001	1.0	1.677655	60	60	1200.0
11433.864473856	-972.47829888	1.0	0.540493	60	60	3600.0
5934.628199808	18254.919348864	1.0	0.372052	60	60	6100.0
2397.500911872	-13013.023617792	1.0	1.494856	60	60	3800.0
-9459.091559808	20758.67076096	1.0	0.637862	60	60	5300.0
-856.011682944	10093.19401728	1.0	0.609228	60	60	3000.0
-4636.796871168	20272.888665216	1.0	1.771587	60	60	5000.0
20693.510031744	-9944.695018368	1.0	0.821591	60	60	6800.0
-3011.486569344	-23207.699649024	1.0	37.027766	60	60	6600.0
21545.075097216	-15822.328300416	1.0	25.716132	60	60	6200.0
972.014807808	10904.42409408	1.0	20.586482	60	60	2700.0
464.028592896	9233.12035008	1.0	0.704365	60	60	2600.0
12584.68383744	-1609.60954176	1.0	50.651956	60	60	3600.0
-9473.30689536	6210.384466176	1.0	47.084846	60	60	2400.0
2505.04854336	-12566.890930176	1.0	2.191211	60	60	2600.0
-15386.970170879998	21936.834488448	1.0	0.856505	60	60	7200.0
-2095.652351232	1817.145715968	1.0	2.012685	60	60	1200.0
-10262.384352	-16534.089652608	1.0	1.72366	60	60	5500.0
-14994.86959872	-6053.4895196160005	1.0	0.666335	60	60	3500.0
11868.376088448	3359.6198634240004	1.0	0.221178	60	60	2600.0
5660.544041856	-17337.855591936	1.0	1.841458	60	60	4800.0
15825.997604736	15150.721690368002	1.0	2.114799	60	60	4500.0
19470.500324352	-23127.853655808	1.0	2.010591	60	60	7200.0
-1227.731522688	12361.091238144	1.0	1.506912	60	60	2400.0
-8808.620464512001	488.936409984	1.0	2.029244	60	60	2400.0
-2603.018968704	15358.602264192	1.0	0.335246	60	60	4400.0
22853.000231424	18969.45038208	1.0	30.062202	60	60	7200.0
12942.429743232	21516.338650752	1.0	1.811092	60	60	4900.0
-4046.924014848	-10614.38007168	1.0	1.990493	60	60	2600.0
3029.07508992	-5996.402869248001	1.0	0.514637	60	60	1700.0
-3950.3633748480006	21204.48318912	1.0	15.37492	60	60	6000.0
4959.119506176	13566.406208256	1.0	30.004234	60	60	4300.0
-15008.23520064	22368.357551232	1.0	1.399668	60	60	5500.0
18935.660595456	-23778.392343552	1.0	59.643747	60	60	7200.0
-13125.054881664	17386.140739968003	1.0	1.050931	60	60	6200.0
3149.1080121600003	-11341.671593472	1.0	0.765585	60	60	2900.0
6848.05644864	4324.127081472	1.0	0.849424	60	60	2100.0
-3585.7262580479996	4816.526799744	1.0	0.966241	60	60	1500.0
-14676.998409216	10462.232689920002	1.0	30.587009	60	60	3500.0
7898.417341056	11326.260515328	1.0	1.643375	60	60	4100.0
23176.922554368	-7621.862840064	1.0	2.184726	60	60	7200.0
-8622.232679808	-5596.7351616000005	1.0	0.808026	60	60	2700.0
-23291.467613568	-5309.571864959999	1.0	53.126185	60	60	5000.0
5706.485985024	-14950.654481664002	1.0	0.605677	60	60	4400.0
-13370.621463936	621.15850368	1.0	1.672615	60	60	3800.0
-18284.772680064	12168.58794624	1.0	27.267214	60	60	6100.0
367.736713344	-580.8766233599999	1.0	1.07791	60	60	1200.0
3154.08088512	23356.549484928	1.0	0.357935	60	60	6600.0
15704.313495552	19256.454353664	1.0	0.765625	60	60	5300.0
10862.037191808	15189.880248576	1.0	0.286493	60	60	3800.0
-1769.856751872	1523.77517952	1.0	0.835574	60	60	1200.0
18622.173259008	-6059.817460224001	1.0	0.670474	60	60	5100.0
-15055.580491776002	19153.842580224	1.0	21.834561	60	60	7200.0
-1291.022194176	-18672.497445888	1.0	2.184865	60	60	6000.0
-17058.212759808	-10343.017314432002	1.0	52.133485	60	60	4700.0
7222.924165248	-23647.557504384	1.0	0.574327	60	60	4900.0
-6111.005864832	23883.962091264	1.0	1.168135	60	60	7200.0
2709.9164252160003	-14234.515713792	1.0	1.731075	60	60	3000.0
22267.636756992	-22320.399100032	1.0	0.347053	60	60	7200.0
14584.346865792	19454.65955136	1.0	1.082286	60	60	6500.0
-16343.293874688005	-7859.406842496	1.0	2.075102	60	60	5700.0
22271.005113984	-13422.72558528	1.0	1.109636	60	60	5500.0
-17461.609317504	-12416.327142912	1.0	6.615423	60	60	5500.0
-16550.046298368	12030.88442688	1.0	1.036747	60	60	5900.0
19420.736189184	6875.228612736	1.0	1.561081	60	60	5000.0
-7420.74955776	8765.218066176001	1.0	1.893073	60	60	3600.0
-14405.8014144	-20187.596651904	1.0	1.445441	60	60	7200.0
-11403.198423936	22061.143437696	1.0	9.242935	60	60	6200.0
-2538.358745472	16349.230744704002	1.0	2.158187	60	60	4400.0
18704.304520704	-17845.827322752	1.0	0.476366	60	60	5700.0
3209.818905216	-9227.194745472	1.0	1.685029	60	60	2100.0
1774.5753484800002	-18606.216613248	1.0	0.492024	60	60	5100.0
-1640.0020032	-9441.334058112	1.0	0.715515	60	60	2500.0
-22396.73350464	-17195.549348736	1.0	2.122778	60	60	7200.0
-2607.1903883520004	12203.766596736	1.0	18.838025	60	60	3500.0
1288.744972416	10399.17054528	1.0	2.072108	60	60	2300.0
-3440.742066432	15629.042867328	1.0	6.712029	60	60	3500.0
-5400.923058432	20707.490403072003	1.0	1.37329	60	60	5500.0
5536.523165184	-4748.464423296	1.0	0.301137	60	60	1800.0
21486.076546176	-22281.541489152	1.0	1.116012	60	60	7200.0
-23268.72436416	-7401.416508288001	1.0	5.116273	60	60	6400.0
13032.73325376	7178.810436864001	1.0	1.843041	60	60	3200.0
7560.443835648	20068.395760512	1.0	2.23865	60	60	4500.0
4294.199720448	-13304.472597504	1.0	2.020944	60	60	3300.0
4904.511245568	14500.120238208	1.0	0.603	60	60	4500.0
20533.264430976	-5980.51542528	1.0	0.453563	60	60	6800.0
13065.723196416002	16482.222104832003	1.0	28.760436	60	60	4900.0
-13472.240272128	1436.801401728	1.0	0.300306	60	60	3500.0
-5066.329175424	3500.4760876799996	1.0	2.669859	60	60	1700.0
-14791.739808384	-16818.420503808	1.0	0.531689	60	60	4800.0
6477.204045312	23082.98997312	1.0	0.644965	60	60	5700.0
7361.29234368	3537.342940032	1.0	0.995498	60	60	1800.0
-22551.185467008003	14543.704492416	1.0	1.135858	60	60	6200.0
-19420.441679232	-18984.671557632	1.0	2.020818	60	60	7200.0
20727.32073984	-5496.315314688	1.0	1.917113	60	60	5300.0
-2500.243042176	21655.42137792	1.0	2.062066	60	60	4800.0
15666.437584512	-23467.94505792	1.0	1.708635	60	60	7200.0
-22613.755152384	-15714.44753472	1.0	38.728803	60	60	7200.0
-17491.369306752003	8698.616974080001	1.0	0.428595	60	60	4500.0
-6118.003292544	14181.880508928	1.0	2.01362	60	60	3700.0
-21624.077794176	17222.948430336	1.0	1.908887	60	60	5500.0
-18065.15998848	17241.871097088002	1.0	2.085768	60	60	6300.0
-22560.67737792	-8248.86165312	1.0	0.486161	60	60	7200.0
-3606.551169408001	-5793.12340992	1.0	1.985707	60	60	1900.0
-16150.100174208	-15545.171904768	1.0	0.607362	60	60	7100.0
-17908.005937536	-16559.654082048	1.0	1.690223	60	60	5900.0
-15083.510656896	-16147.686158208	1.0	2.188038	60	60	4600.0
-1124.894441088	-15476.06345472	1.0	1.450367	60	60	3600.0
13092.444744192	86.73559488	1.0	1.007788	60	60	3100.0
22038.382485504	3219.383236608	1.0	0.727027	60	60	6100.0
10233.258444288	-16796.679875712	1.0	1.095567	60	60	5200.0
-22364.166819456	19162.224043776	1.0	38.916776	60	60	7200.0
20456.833465728003	14184.828827136002	1.0	58.662246	60	60	5900.0
11181.701190528	21811.073910912	1.0	1.840414	60	60	6300.0
-8714.158409088	4123.755706752	1.0	1.980838	60	60	2800.0
-15788.43712512	1174.03254144	1.0	1.045294	60	60	5100.0
10668.563465472002	9774.26227008	1.0	1.438372	60	60	3200.0
-768.017581056	6507.023580288	1.0	0.529571	60	60	1400.0
-18587.960214912	11908.255632768	1.0	0.496837	60	60	6400.0
3689.540211456	-8702.352261504	1.0	14.707181	60	60	1900.0
-7998.885468288001	-2030.589792	1.0	2.186221	60	60	2500.0
4615.3652371200005	-1583.4174681600002	1.0	0.775957	60	60	1200.0
21145.959394560003	-8467.935214464	1.0	1.158094	60	60	7200.0
-8922.547535616	20130.8012928	1.0	0.837277	60	60	5000.0
-20948.84694144	-19201.70286144	1.0	1.609411	60	60	7000.0
-4319.6370117120005	-14151.835665792	1.0	31.781683	60	60	3800.0
-276.258381696	-37.824412032	1.0	1.168809	60	60	1200.0
14936.062559616	-14261.932498176002	1.0	0.635946	60	60	4100.0
21540.00727296	4119.5472721920005	1.0	2.192728	60	60	5300.0
-5101.924646016	8060.494375296	1.0	11.331139	60	60	2400.0
-18306.043379712	1930.036369536	1.0	1.715934	60	60	4900.0
-20515.540725504	-15107.851984896	1.0	2.096723	60	60	5900.0
-11968.998712704	-14757.737588352	1.0	1.847211	60	60	4000.0
6710.360976	-6613.156598400001	1.0	57.824194	60	60	2200.0
-22241.301451776	23641.441997184	1.0	14.25111	60	60	7200.0
-19541.639766528	17093.001949056	1.0	0.696746	60	60	5800.0
-1345.150870272	12563.572462848	1.0	44.773636	60	60	3900.0
-17607.266214912	15785.480760192	1.0	1.39471	60	60	6500.0
-23844.282105600003	-4162.421805696001	1.0	2.063992	60	60	7200.0
23063.072731776	3017.357456256	1.0	6.484739	60	60	4800.0
-5360.62830336	-6028.094071296	1.0	1.787007	60	60	1900.0
23244.991368192	-19254.355769088	1.0	0.642036	60	60	7200.0
-16640.81008128	-2934.5760195840003	1.0	1.845191	60	60	3800.0
12119.332363776	-15247.985613696002	1.0	49.687229	60	60	4900.0
14960.331467136	-15235.897830912	1.0	1.795653	60	60	5500.0
-14344.34861376	13982.796609408	1.0	1.258678	60	60	4200.0
23505.323681664	-21805.57317312	1.0	0.315782	60	60	6800.0
-14642.877097727998	10126.560546432002	1.0	1.312377	60	60	5000.0
9912.27961152	-16926.008368896	1.0	2.095324	60	60	6300.0
-1315.028778624	12436.217025408	1.0	0.881917	60	60	3000.0
-2532.521654784	11272.128620544	1.0	2.178323	60	60	2700.0
675.0683089920001	-19831.406981760003	1.0	0.637083	60	60	4200.0
12768.182849664	-16183.354049280002	1.0	41.418459	60	60	5500.0
3455.1537419520005	-17677.729732608	1.0	1.343335	60	60	4700.0
-16773.130344960002	1573.365505536	1.0	1.959775	60	60	4900.0
-20230.3794528	3926.496803328	1.0	1.659867	60	60	4500.0
-15667.3259424	3065.546043648	1.0	49.17087	60	60	4500.0
15912.363050496002	-17582.395412736	1.0	1.138046	60	60	5200.0
15756.932606976	-23559.20290944	1.0	34.041979	60	60	7200.0
8718.946207488001	6989.041420416	1.0	1.774792	60	60	2800.0
-346.42738944	-21795.704675712	1.0	0.314397	60	60	4900.0
19819.179186048	-4970.687470848	1.0	1.46637	60	60	6300.0
-18134.76411648	-3402.0276871680003	1.0	0.468053	60	60	5100.0
-8026.094647296	-11815.930786176	1.0	0.447683	60	60	3800.0
17996.053147776	7517.065577472	1.0	4.663211	60	60	4400.0
-14847.34908096	-13695.408004608	1.0	2.0091	60	60	4000.0
320.705244288	11982.494671488	1.0	0.881323	60	60	3400.0
3086.4932651520003	-18982.645393536	1.0	3.263743	60	60	4500.0
-4136.459868288	-22221.327883392	1.0	2.109396	60	60	6500.0
-17301.621211776	19451.186587008	1.0	0.763227	60	60	7200.0
5740.082650368	4391.0500423680005	1.0	35.207975	60	60	1900.0
5116.197917952	20304.927485568	1.0	1.33544	60	60	6500.0
-1007.821102464	-15030.69359616	1.0	0.479148	60	60	2900.0
-21239.259503616	2553.748902144	1.0	1.22889	60	60	5000.0
-16536.817490688	4017.490722432	1.0	2.072548	60	60	5300.0
-21814.933117824	-20358.790619904	1.0	1.918563	60	60	7200.0
-5085.15689088	12639.826400256	1.0	0.500467	60	60	4300.0
-3757.832724096	16156.442598912005	1.0	2.257093	60	60	4000.0
12580.731288576	8436.541741056	1.0	0.526702	60	60	3300.0
-2873.17793664	17579.986224768003	1.0	1.156784	60	60	5000.0
-17103.749148288	21193.787488896	1.0	2.260344	60	60	7000.0
-14913.866487168	10206.284229504	1.0	2.253855	60	60	4300.0
-2896.957603584	3415.7570008320004	1.0	0.637497	60	60	1200.0
301.96121472	17130.311371008	1.0	53.62673	60	60	3500.0
-7815.944898432	16546.225715712	1.0	20.770678	60	60	5200.0
-7213.934369664	-23224.982394240003	1.0	2.205619	60	60	6000.0
-22300.911553536	23479.530725376	1.0	1.936993	60	60	7200.0
-7009.888862592001	6890.839249535999	1.0	0.697593	60	60	2900.0
-2610.858083328	15503.427130752	1.0	0.997359	60	60	3200.0
14027.49292032	5871.191078016	1.0	1.806431	60	60	3300.0
-13988.21688	-15556.368110976	1.0	0.293541	60	60	6400.0
4904.265015936	7894.952423424	1.0	2.166279	60	60	2900.0
-19940.245307136003	7434.488527488	1.0	1.62608	60	60	5400.0
5524.647815808	8018.176674816	1.0	1.349586	60	60	2700.0
8451.238270464	-2258.3924352	1.0	0.975178	60	60	2100.0
15546.316148352002	-21487.3978176	1.0	1.49831	60	60	5500.0
-12848.419913472	1554.944954112	1.0	2.006303	60	60	3100.0
-11455.424855424	-12497.228865792002	1.0	53.717296	60	60	4800.0
418.923508608	14967.684559872	1.0	0.543076	60	60	4600.0
-2884.97442816	-12667.173982848	1.0	0.346392	60	60	2500.0
21572.432335872003	-22205.884618368	1.0	1.447712	60	60	7200.0
23095.235471616	240.767518464	1.0	2.189497	60	60	4500.0
21381.745993344	-19288.792512	1.0	41.017669	60	60	6300.0
-3992.988460032	-11762.601954048	1.0	1.252857	60	60	3100.0
3078.94866048	7764.566591231999	1.0	45.914015	60	60	2700.0
-23744.332187136	-12018.856189824	1.0	1.774228	60	60	5300.0
395.380415232	-14219.674343424002	1.0	2.007804	60	60	3800.0
-11123.510530176	23498.319816576	1.0	0.472836	60	60	6500.0
-4796.422874496	2495.8591891200003	1.0	0.52214	60	60	1400.0
-16281.79762176	-1013.418400896	1.0	1.9997	60	60	4400.0
-20990.305252224	16156.3251168	1.0	48.77965	60	60	6400.0
17178.110497152	-7879.52525184	1.0	1.589116	60	60	5200.0
21717.403652736	-5268.445079040001	1.0	2.126958	60	60	6600.0
-23885.494186752003	-7672.476708864	1.0	0.479719	60	60	7200.0
-9203.971911552	-6330.134143872	1.0	0.899484	60	60	2800.0
14987.820672000002	-11214.581697792	1.0	13.128536	60	60	5900.0
21168.124889472	-19508.541997824	1.0	2.190854	60	60	6800.0
9141.772375296	-16531.522748928	1.0	1.494862	60	60	5300.0
-14292.7047648	2255.122248192	1.0	17.496529	60	60	4200.0
18916.683211008	-21390.141940992	1.0	2.244983	60	60	7000.0
-15033.778708608	20246.067338112	1.0	40.429411	60	60	5200.0
19576.461142656	12481.491090816002	1.0	28.24446	60	60	5700.0
-17380.184557824	9702.757506816	1.0	0.562822	60	60	4000.0
-17191.490583168	10653.39057024	1.0	1.722753	60	60	6100.0
-22102.260567552	-20382.00379776	1.0	0.721633	60	60	7200.0
7451.927379072	-12046.303551744	1.0	11.726005	60	60	4300.0
-16822.01416896	6162.654541824	1.0	0.619937	60	60	4500.0
-18481.15931904	-522.777695616	1.0	37.090839	60	60	5800.0
-171.02498688	4473.693075456	1.0	1.524858	60	60	1200.0
18875.6336736	-11418.910449408	1.0	0.532881	60	60	5300.0
-2811.979412352	-1589.595739776	1.0	0.807923	60	60	1200.0
-21086.754847488	1116.4679159040002	1.0	0.570259	60	60	5000.0
20251.304143488	-70.48443916800001	1.0	0.433105	60	60	5000.0
-17253.471248640002	21485.225203200003	1.0	0.855923	60	60	7200.0
-17325.48939264	22445.026699392	1.0	40.986126	60	60	7200.0
-23993.437716864	-23060.546061696	1.0	0.320597	60	60	7200.0
-17901.72305856	-23639.419051776	1.0	2.115497	60	60	7200.0
-6187.304863872	-19773.200227968	1.0	1.672554	60	60	6300.0
12131.04195072	4286.521540224	1.0	45.762734	60	60	2900.0
-4257.328040064001	-13205.478629376	1.0	0.356165	60	60	3000.0
-7638.237915264001	-18863.730965376	1.0	0.991262	60	60	4100.0
-11122.350193152	-9910.97604288	1.0	0.902982	60	60	4400.0
-5294.1784896	-20028.400343424	1.0	29.233053	60	60	6500.0
3423.860047872	-5992.245933696	1.0	6.918716	60	60	2200.0
-16994.1093696	16134.764735232	1.0	1.324872	60	60	5600.0
2719.48558464	808.161057792	1.0	11.995182	60	60	1200.0
-8117.254328832001	13123.439100288	1.0	1.208402	60	60	4500.0
18329.782813056	-16707.893976576	1.0	45.90639	60	60	6800.0
16304.608463616	6886.223650944001	1.0	0.828548	60	60	5600.0
-68.833252224	-1289.327554944	1.0	0.534159	60	60	1200.0
19072.503115776	-10442.9929824	1.0	1.781998	60	60	5100.0
-20577.146413824	-1657.7224899839998	1.0	2.103281	60	60	5700.0
10586.813618304	-17427.697220736	1.0	0.895811	60	60	6300.0
20371.831134336	-10354.693105152	1.0	0.722061	60	60	5900.0
-22845.927164544	-13295.318648832	1.0	1.408221	60	60	5100.0
-12323.266826112	10532.744487936	1.0	1.601756	60	60	3700.0
-13427.761222656	18459.39294144	1.0	1.979619	60	60	5100.0
5277.718119168	-18989.835942528	1.0	0.385298	60	60	4600.0
23815.08860544	-1437.952082688	1.0	27.28293	60	60	6100.0
9616.22468928	10181.930026752	1.0	0.366978	60	60	3800.0
17265.773074176	5649.260931072	1.0	2.011507	60	60	4200.0
-1994.682108672	-692.763046272	1.0	2.210613	60	60	1200.0
7399.470811392	-14722.103493504	1.0	26.690902	60	60	3300.0
10681.029444096	7612.266321792001	1.0	1.013819	60	60	2900.0
-7418.790986112	1321.881365376	1.0	2.422839	60	60	2400.0
21445.94111616	23239.387632384	1.0	0.790846	60	60	7200.0
-2353.002550272	-1004.298248448	1.0	2.076288	60	60	1200.0
5854.80956544	8334.354834432	1.0	2.202372	60	60	2100.0
3893.666185728	16788.055401216	1.0	41.14929	60	60	4000.0
-2921.912091648	16337.563000704	1.0	57.695314	60	60	4900.0
-13190.233313664	-389.64632256	1.0	0.845139	60	60	2600.0
-16648.065004032	-20618.727034752	1.0	35.379236	60	60	6300.0
-19326.713484672	19515.7904832	1.0	0.391039	60	60	7200.0
-842.132700288	-1509.859181952	1.0	0.571352	60	60	1200.0
5699.6124768	8821.414749312	1.0	23.166037	60	60	3200.0
8393.271308928	6711.007932288	1.0	0.650092	60	60	3000.0
-17650.340307072	-6178.564516608	1.0	0.644527	60	60	4600.0
18385.345414656003	-12122.47219392	1.0	0.482442	60	60	4900.0
17408.951581824	17776.203882624002	1.0	0.830696	60	60	6800.0
8394.500847744	17789.019088896002	1.0	0.74093	60	60	6300.0
10605.498102144	6538.598909568001	1.0	2.162186	60	60	3800.0
-17358.752923776003	-6147.584644608	1.0	54.406327	60	60	3900.0
-6005.698440192001	7647.090916608	1.0	0.87861	60	60	2600.0
21671.75621952	-2362.26754368	1.0	0.889045	60	60	5200.0
22969.025887104	2385.722123136	1.0	1.588787	60	60	4900.0
19122.312312576	-682.14459456	1.0	54.71692	60	60	3900.0
3834.746492544	-17760.256892928002	1.0	57.773796	60	60	5400.0
6511.507212672001	-22401.847999872	1.0	1.643231	60	60	6000.0
-20028.9700512	-374.24490048	1.0	43.466046	60	60	5900.0
3284.3106109440005	-7573.907607552001	1.0	1.647253	60	60	2100.0
-2891.260525824	-14462.236280448	1.0	0.834482	60	60	3600.0
23655.73136256	-11739.121625088	1.0	1.198789	60	60	5200.0
-8380.216310400001	5460.943542912	1.0	1.087287	60	60	2500.0
-21719.938369536	9952.888188672	1.0	1.17748	60	60	6600.0
1101.227428224	15890.170196736	1.0	1.9818	60	60	3300.0
-20833.624348416	2900.1183552	1.0	0.273436	60	60	4300.0
19052.944758144	6526.126493568	1.0	0.66781	60	60	4200.0
17442.129817728	-12351.72324672	1.0	0.509604	60	60	5500.0
12165.98080896	6279.743973888	1.0	31.366732	60	60	4100.0
22162.491876096	-7473.898143360001	1.0	0.670605	60	60	6600.0
-19793.55521088	13462.344415872	1.0	1.387549	60	60	5700.0
19069.144414848	1703.484186624	1.0	0.702907	60	60	4200.0
-5877.261523584	13361.332330368	1.0	1.016989	60	60	4600.0
-4895.683993728	-15572.971713024	1.0	52.139932	60	60	4600.0
-15820.450195968002	5652.164187648	1.0	0.360476	60	60	4900.0
-3637.925330688	16835.745091968	1.0	1.687494	60	60	4600.0
2961.524484864	20872.407929472	1.0	0.886869	60	60	4900.0
1849.726885248	-15515.465023872	1.0	0.241899	60	60	3900.0
-11452.46205312	3988.876586112	1.0	1.562069	60	60	3700.0
5693.302238976	-20687.244855552	1.0	2.022387	60	60	5000.0
-13021.667404416	7539.668813952	1.0	2.168417	60	60	3800.0
12061.157796864	-17319.28537152	1.0	1.996919	60	60	4900.0
18379.98790848	5347.829190528	1.0	0.355285	60	60	3900.0
-7381.949883264	-11385.059507712	1.0	1.421132	60	60	4100.0
13631.753621376	5355.557260416001	1.0	0.229347	60	60	4600.0
11695.918785408	15321.57447744	1.0	1.212438	60	60	3900.0
4405.81255488	-21012.525464832	1.0	0.755548	60	60	4300.0
7312.588766208	12006.552754944	1.0	1.329006	60	60	3800.0
11470.522111488	-10925.067149568002	1.0	1.347951	60	60	4700.0
-9480.494225664	3542.6827434240004	1.0	2.0558	60	60	3200.0
19304.562473856	-17021.73375936	1.0	0.872356	60	60	6500.0
19294.045410816	-18483.140421504	1.0	0.231154	60	60	6700.0
22337.741390976	5485.653410688	1.0	1.630628	60	60	5900.0
16240.514729472	17891.81754624	1.0	1.786188	60	60	4900.0
21147.396538752	-17461.403321472	1.0	0.786916	60	60	7000.0
-6371.587626624	17142.550432128002	1.0	45.464347	60	60	5500.0
-7664.8226688	320.70685363200005	1.0	0.998685	60	60	2000.0
-12659.15623104	23487.846205824	1.0	1.55061	60	60	7200.0
13246.650476928002	-18942.915518208	1.0	47.299574	60	60	5100.0
22975.345780992	-9546.33087936	1.0	0.92903	60	60	6200.0
18582.007251456	14400.115602048	1.0	1.557878	60	60	7200.0
16650.118526976003	-5835.024290304001	1.0	0.326142	60	60	5300.0
20239.631571456	-9502.567987968	1.0	1.672481	60	60	5000.0
-17169.296120064002	-20047.326228864	1.0	10.009871	60	60	7200.0
-16748.62003584	-12900.660829056002	1.0	2.107105	60	60	5700.0
-21459.195673344	-21286.186365312	1.0	1.241571	60	60	6600.0
893.839313664	12567.647321856	1.0	1.780402	60	60	3400.0
-8020.127199744	10653.965106048	1.0	1.463437	60	60	2600.0
-11423.986320384	4922.53267968	1.0	0.879997	60	60	3900.0
21583.8377568	10625.772617856	1.0	1.206949	60	60	5300.0
23493.400051968	-2971.100081664	1.0	1.504626	60	60	6600.0
12870.081683712	15589.092511872	1.0	1.555665	60	60	6200.0
20157.633885312	23019.102235008	1.0	1.893248	60	60	7200.0
1381.57354368	-9104.95219392	1.0	0.956398	60	60	2300.0
13073.262973055998	-507.96690278400007	1.0	2.093498	60	60	3800.0
-15719.322237696	13945.096116864002	1.0	1.401779	60	60	5300.0
22680.166341888	-21694.33531584	1.0	1.140871	60	60	7200.0
-17878.173527807998	17006.432116608	1.0	50.764646	60	60	5300.0
-1691.3787010560002	-472.775377536	1.0	0.416497	60	60	1200.0
-19918.113608448	19255.871771136	1.0	41.093341	60	60	7200.0
-7854.297175296	674.801157888	1.0	0.462208	60	60	1800.0
10501.182033408	-19604.27221632	1.0	1.192833	60	60	4400.0
-15647.432841216	20402.489137536	1.0	1.291446	60	60	6400.0
6193.034128512	17174.648798208	1.0	46.759247	60	60	4700.0
-4395.227899392	-22107.679228800003	1.0	1.552672	60	60	6000.0
-16264.622702592	-1069.647270912	1.0	0.872937	60	60	5000.0
-23151.276048384	2025.192052224	1.0	36.641248	60	60	4700.0
-7386.322470912	23462.233496064	1.0	2.167157	60	60	6100.0
-16667.023076352	15180.6603168	1.0	1.640998	60	60	6500.0
3279.007822464	-19801.973689344	1.0	1.076009	60	60	5000.0
6714.294212735999	-24020.527804416	1.0	0.24806	60	60	5900.0
-1805.8046688	18634.343118336	1.0	1.628355	60	60	5600.0
14086.36272384	-16397.813621376	1.0	1.357246	60	60	5500.0
236.38366540800004	-23183.416257408	1.0	53.714844	60	60	7200.0
-3015.228294144	-21178.337786496	1.0	41.891835	60	60	6400.0
4363.248624768	-18972.30696768	1.0	28.039326	60	60	4400.0
12362.002126848	-22618.724806656	1.0	1.783973	60	60	6000.0
-12741.895824768	-20829.029671296	1.0	26.655662	60	60	5800.0
12564.2693088	9827.134048512	1.0	2.187958	60	60	4100.0
19698.069612672	-17165.782922112	1.0	1.668541	60	60	6500.0
21702.378817152	22006.675190016	1.0	1.919177	60	60	7200.0
-1274.162706432	-3938.085689472001	1.0	2.236342	60	60	1200.0
567.689658624	18535.34593152	1.0	0.547402	60	60	5400.0
-17115.162615936002	14548.793238144	1.0	0.449396	60	60	6800.0
18270.813230208	-4487.6219477760005	1.0	1.53065	60	60	4600.0
22795.852425984	-22429.2663936	1.0	0.23435	60	60	7200.0
10006.398876672	-19518.185187072	1.0	1.500453	60	60	4900.0
-23990.164311168	-1529.7619392	1.0	1.20937	60	60	4600.0
13306.891441536	19493.76661056	1.0	0.953275	60	60	6200.0
-13783.199329152	3023.72402112	1.0	1.232955	60	60	4100.0
-8180.685013248	-14249.538940032	1.0	0.29793	60	60	5000.0
21960.049275648	-20332.415081088	1.0	1.239038	60	60	7100.0
-18140.99227776	20723.25714624	1.0	0.62539	60	60	7200.0
16910.594072064003	-2752.535073024	1.0	1.348587	60	60	3600.0
-7128.33175296	-4354.073754624001	1.0	0.362274	60	60	1800.0
1749.009309696	-8766.94972032	1.0	0.358066	60	60	2400.0
-17800.717410432	13520.361267072	1.0	0.997719	60	60	6300.0
-23357.339672832	-14742.265355136	1.0	0.286894	60	60	6800.0
6464.88773568	21817.604628864003	1.0	0.581548	60	60	5800.0
-13149.098481024	15730.550630784	1.0	6.039319	60	60	4700.0
-23764.183445376	-4098.952497024	1.0	0.698236	60	60	4800.0
23383.71199296	-16182.161525376	1.0	2.102989	60	60	7200.0
8073.665246592001	2643.25900608	1.0	46.66637	60	60	2500.0
14573.927972736	-13407.000685056	1.0	1.70315	60	60	4800.0
9632.46297024	-11146.002721920002	1.0	1.391507	60	60	2900.0
12443.051909376	-18778.543559424	1.0	0.556978	60	60	4900.0
8225.769176064001	-14367.235094784	1.0	0.898702	60	60	5300.0
5308.076784384	10107.755361792	1.0	0.513562	60	60	2700.0
-1763.3630488320002	4216.468405248	1.0	1.814014	60	60	1200.0
-14141.823936768	-19393.126283520003	1.0	1.993376	60	60	6500.0
16764.575072256	-7901.536249727999	1.0	2.168768	60	60	5900.0
-8259.172720128	-3506.681718144	1.0	49.236811	60	60	1900.0
-3222.9286214400004	-17640.298000512	1.0	0.35832	60	60	4200.0
-12318.734913408	2574.375864192	1.0	0.936243	60	60	3500.0
-9179.550116352	-11158.111426176	1.0	1.919045	60	60	4300.0
19646.858677248	16665.737210496	1.0	1.488006	60	60	7000.0
998.21170944	-4423.642477056001	1.0	1.372575	60	60	1200.0
18206.90296128	-14913.9115488	1.0	0.278795	60	60	7100.0
6914.797553664	5023.118289024	1.0	1.317587	60	60	2200.0
-12372.0734016	-8023.52935296	1.0	1.716239	60	60	3800.0
-11225.361083904	16399.791505152	1.0	1.451173	60	60	4900.0
-10587.360795264	24074.012742912	1.0	1.414713	60	60	6600.0
-14936.191307136	11212.91119872	1.0	18.868348	60	60	4100.0
8816.44509504	-23257.758294144	1.0	1.683726	60	60	6600.0
5192.184704256	-13942.756130688	1.0	2.037624	60	60	4800.0
-8325.419756543999	19254.89168064	1.0	1.515561	60	60	6000.0
-4382.308085760001	-23781.802543488	1.0	1.884401	60	60	5700.0
-19773.243680256	-11925.337209984	1.0	0.696953	60	60	5900.0
23575.429924992	-6492.121054848001	1.0	0.621188	60	60	7100.0
6865.496909568001	-1841.844318336	1.0	1.323163	60	60	1800.0
-9229.441389696	-19612.486308096	1.0	26.493958	60	60	5500.0
2013.5307456	-23294.259825408	1.0	0.318535	60	60	5700.0
-16822.313506944003	16417.351057536	1.0	10.54572	60	60	6300.0
6620.360022144	15847.593391872002	1.0	51.995713	60	60	3500.0
-13959.247078656	-21752.551725696	1.0	40.903107	60	60	6800.0
-16859.405667456	-6363.825760512001	1.0	1.480897	60	60	5700.0
9113.888881152	-8239.728625920001	1.0	1.775719	60	60	2900.0
-20013.558973056	-1606.21382592	1.0	0.638391	60	60	5500.0
-6220.032483456001	-6881.347338624001	1.0	0.628812	60	60	2500.0
-7375.541475456001	18011.04579648	1.0	1.892663	60	60	4700.0
4118.427168768	-11962.828487808	1.0	0.273374	60	60	2800.0
2296.46951424	-15872.300040960004	1.0	3.508499	60	60	4200.0
-23793.211183104	-19528.666844544	1.0	0.480362	60	60	7200.0
-12249.742336128	-22066.811547264	1.0	0.538331	60	60	6500.0
2606.226391296	-16515.287686656	1.0	1.108115	60	60	4800.0
-15200.633885184	2083.696534656	1.0	56.042399	60	60	4700.0
-1894.838406912	9494.03524608	1.0	0.363917	60	60	2100.0
-14503.654357632	19257.889888512	1.0	1.563649	60	60	5800.0
23714.404826112	-12983.216957568	1.0	0.649284	60	60	6300.0
5385.843505152	10969.945316352	1.0	1.621093	60	60	2600.0
-20008.986826752	16523.139676032002	1.0	55.149708	60	60	5300.0
7093.875697920001	-6774.406429824	1.0	0.326429	60	60	2600.0
-2232.6107443200003	7954.187548032	1.0	8.5783	60	60	1800.0
19136.773877760003	-12403.618153344	1.0	1.77911	60	60	7200.0
9263.994005376	-10.19519424	1.0	1.98215	60	60	2700.0
19369.620205056	23305.100366592	1.0	8.665796	60	60	7200.0
-19671.750400896	3443.7708518400004	1.0	0.466637	60	60	4800.0
-17635.7145888	-4540.036672512	1.0	1.888152	60	60	3700.0
-362.797636608	16861.983836544	1.0	53.045044	60	60	3300.0
-2968.961263488	15215.116371840002	1.0	0.394581	60	60	4500.0
-1089.418061952	-12251.723438592	1.0	1.74601	60	60	2900.0
7815.211037568	17980.4763072	1.0	0.598763	60	60	5300.0
-14301.234288	11848.177211904002	1.0	0.227521	60	60	5600.0
21545.1330336	-22485.390656256	1.0	29.913119	60	60	7200.0
9622.42066368	-20209.013801856003	1.0	0.666559	60	60	6900.0
8795.174395392	-16399.559759616	1.0	17.867909	60	60	5900.0
-15508.22619456	-11263.908091392	1.0	27.908546	60	60	6000.0
5619.840513408	23121.277876224	1.0	53.829948	60	60	5800.0
-17302.203794304	21068.290843776	1.0	0.334514	60	60	7200.0
321.390824832	10392.881228928	1.0	0.336263	60	60	2600.0
-12079.275791616	-1696.446525312	1.0	0.50322	60	60	3600.0
-20206.841187456	3358.913361408	1.0	6.555096	60	60	4500.0
17933.428744704	22474.459991808	1.0	59.526016	60	60	6300.0
15372.460325376	6860.887748352	1.0	1.704798	60	60	5400.0
7000.041286656001	-9252.860563584	1.0	0.217988	60	60	2300.0
13217.025672576	-10392.69293568	1.0	1.822731	60	60	4100.0
17758.57995648	18679.895600256	1.0	0.306712	60	60	7200.0
11051.69516352	-10311.100804224	1.0	1.266165	60	60	4400.0
22936.727962368	-15959.470158720002	1.0	0.582602	60	60	6000.0
10019.809540224	-21163.255014528	1.0	1.412055	60	60	4900.0
-24063.486023808	9001.6242624	1.0	14.502881	60	60	7200.0
-12376.127339136	13102.841106432	1.0	0.774285	60	60	4400.0
-17902.604979072	-3005.68327488	1.0	52.997651	60	60	5600.0
-13787.324077824	21200.754339072	1.0	2.128691	60	60	7200.0
4361.639280768	17446.615059456	1.0	1.679473	60	60	3900.0
-18357.132004992003	-18979.655232384	1.0	44.103607	60	60	5700.0
-4201.417820160001	9530.087770368	1.0	0.836371	60	60	2100.0
6051.641992704001	-11778.671253888	1.0	2.015204	60	60	3600.0
-17531.561063808	15164.386630272	1.0	2.157719	60	60	6700.0
-6282.5168736000005	-3307.37894784	1.0	0.394457	60	60	1800.0
-6220.286759808	-20226.454262784	1.0	0.644497	60	60	5100.0
-14967.10841472	-15787.724185728	1.0	32.150025	60	60	4900.0
697.703732352	20249.009218944	1.0	1.962436	60	60	4000.0
-21538.967636736	-897.605178624	1.0	1.837357	60	60	6400.0
-20533.389959808	20038.410463104	1.0	2.163944	60	60	7200.0
21302.984697984	2151.559352448	1.0	1.436246	60	60	6000.0
24069.804308352	19261.20835584	1.0	0.692408	60	60	7200.0
11976.326055936	-14367.519948672	1.0	1.336362	60	60	5100.0
-1882.58647104	15313.257387648	1.0	28.209809	60	60	3600.0
10626.1363296	-21812.908563072	1.0	27.798224	60	60	6300.0
-7692.97009536	-5350.388047488001	1.0	23.899519	60	60	2300.0
-6215.494133376	19748.435642496	1.0	0.230513	60	60	6600.0
-13023.247780224	11040.391131264	1.0	0.839428	60	60	5100.0
10499.659593984	19267.599060864	1.0	0.956592	60	60	5100.0
-20017.60808256	-21476.54279232	1.0	56.896186	60	60	7200.0
-10418.028838272	-10236.3934464	1.0	11.749761	60	60	3500.0
20677.159096704	14062.023005184	1.0	1.763509	60	60	7200.0
2327.1532669440003	-6448.556112768	1.0	2.140075	60	60	1700.0
3930.570052992001	22979.330516736	1.0	1.106387	60	60	7100.0
-22948.989554304	23318.641387008003	1.0	0.444226	60	60	7200.0
15275.619659520002	19432.666256256	1.0	1.833043	60	60	6900.0
-10794.673270656	-12721.001711616	1.0	1.655961	60	60	3600.0
-5526.5001707520005	-12478.82923584	1.0	1.50653	60	60	4300.0
-15490.510535808	1440.520595712	1.0	2.244883	60	60	3700.0
19525.650933888	-23558.316160896	1.0	1.463058	60	60	7200.0
22591.22272704	3450.617001216	1.0	1.397412	60	60	7000.0
-18542.06494272	-21717.870362496	1.0	57.77762	60	60	7200.0
16652.624275584	6665.635696896001	1.0	0.48092	60	60	4600.0
-6799.681177344	-8391.70702656	1.0	1.538169	60	60	2400.0
-24134.182896384	6569.208632448	1.0	2.269645	60	60	5300.0
-8114.01471936	20804.474300544	1.0	1.628991	60	60	4700.0
20312.187236352	4827.148470144	1.0	1.556258	60	60	5700.0
12140.982868608	-10437.413386752	1.0	42.483639	60	60	3800.0
19764.575753472	22609.557983232	1.0	1.020522	60	60	7200.0
9845.927967744	14370.860946816	1.0	1.728288	60	60	4300.0
-10271.065153536	22433.817618432	1.0	52.858498	60	60	5400.0
20134.182524544	7007.727513600001	1.0	26.509549	60	60	5700.0
9358.291907712	-13820.898212352002	1.0	11.036237	60	60	4300.0
13409.083176192	4695.863014656	1.0	2.105141	60	60	3400.0
-587.248016256	420.928751232	1.0	1.720713	60	60	1200.0
-6883.193256192	19984.734012672	1.0	1.697059	60	60	6200.0
2386.043991936	-3900.964560768	1.0	1.449359	60	60	1200.0
-12372.73323264	-9197.346242304002	1.0	0.662398	60	60	4600.0
-1125.713597184	6820.50447936	1.0	1.820872	60	60	2100.0
1119.826616832	4928.530704768001	1.0	0.340413	60	60	1200.0
21918.03413184	-23502.180632832	1.0	1.024624	60	60	7200.0
1723.707203328	-6631.285858560001	1.0	1.592458	60	60	1400.0
-12756.000115584002	20894.930698752003	1.0	1.464296	60	60	6800.0
-23604.15993408	-5407.236514944	1.0	2.126006	60	60	7100.0
217.200284928	6755.36628096	1.0	0.671474	60	60	2000.0
-13243.393164672	-6785.190643968001	1.0	1.741367	60	60	3700.0
26.637861888000003	2911.390200576	1.0	0.820977	60	60	1200.0
-1080.235145088	5402.73678912	1.0	1.527026	60	60	1600.0
14762.156846976	-14637.405328128	1.0	0.814517	60	60	6100.0
571.302635904	20746.867832064	1.0	12.918794	60	60	6000.0
8544.721844736001	1362.21313536	1.0	1.379664	60	60	2300.0
4590.214409088	-11959.822233216	1.0	56.900837	60	60	3400.0
11429.14265856	22290.978682368	1.0	1.340848	60	60	5500.0
21240.29913984	-16928.358011136	1.0	2.21438	60	60	6000.0
-8743.982772096	-13368.178479744	1.0	10.877114	60	60	3500.0
14879.2301856	339.952998528	1.0	0.286383	60	60	3000.0
7819.853995008	4511.14411968	1.0	2.066058	60	60	2600.0
-136.3516704	-9570.617489664	1.0	2.233875	60	60	2500.0
5581.185679872	-9984.510188928	1.0	1.562186	60	60	2400.0
8059.736374272	12741.71557824	1.0	17.194244	60	60	3900.0
-7586.738907264	-21910.846801536	1.0	2.045616	60	60	6200.0
-17487.466647552003	-19871.983372032	1.0	1.621792	60	60	6000.0
-16755.005912832	-14809.210846848	1.0	1.728964	60	60	5400.0
3355.722032256	5202.103091328	1.0	1.979159	60	60	2000.0
17720.593000704	21306.132574848	1.0	0.220413	60	60	6000.0
-1326.4197154560002	-22792.504990464	1.0	1.920353	60	60	4400.0
-13818.210607872	18408.210974208003	1.0	0.553476	60	60	5900.0
23927.66221824	-14263.32619008	1.0	1.324219	60	60	6500.0
-15007.651008768	-18346.576317696	1.0	1.308752	60	60	6700.0
23635.987930368	4387.882853376	1.0	19.206983	60	60	6900.0
-23138.213003136	13677.961106304	1.0	41.46639	60	60	5200.0
-7339.625745408	-22559.330356992003	1.0	2.163042	60	60	6900.0
3953.205476352001	-7224.037831296	1.0	0.820958	60	60	1900.0
-18315.071799552003	-12113.76564288	1.0	2.025135	60	60	5800.0
-14200.590742272	-23259.345107328	1.0	1.808503	60	60	7200.0
23742.363959424	31.834433664	1.0	1.384368	60	60	5500.0
-8243.557255296	14851.987210368	1.0	2.136478	60	60	4400.0
-21501.759603456	-19849.819486464003	1.0	50.343195	60	60	6500.0
6878.390973696	-12955.536240768002	1.0	1.632026	60	60	3900.0
8024.721876864	4750.350574464001	1.0	0.244912	60	60	2500.0
-17755.753948416	779.677278336	1.0	56.743233	60	60	4500.0
18212.812472448	3637.851300864	1.0	44.636986	60	60	3600.0
7670.799772416	9479.226062592	1.0	0.981376	60	60	2600.0
-19692.533469312	-12724.022450304	1.0	1.456032	60	60	4900.0
-7785.454267008	-438.583254912	1.0	0.286894	60	60	2200.0
1569.953696256	8017.425111168	1.0	25.761066	60	60	2300.0
6881.7818615040005	-6431.1639321600005	1.0	0.801014	60	60	2600.0
4131.672069888001	13108.005491328002	1.0	13.121968	60	60	4100.0
5397.680230272	-2346.9385420800004	1.0	0.59062	60	60	1600.0
-11158.73263296	-3616.186311936	1.0	1.921761	60	60	2700.0
12494.217783168	21156.34771008	1.0	1.903605	60	60	7200.0
-4970.162824704	-8371.057533696	1.0	0.826994	60	60	2600.0
-9548.98629696	20286.484403328	1.0	52.755139	60	60	7200.0
4749.347953152001	-19276.444015488	1.0	1.190511	60	60	5400.0
-16053.557236992	-15713.890701696	1.0	0.91887	60	60	4700.0
-8295.757937280001	12529.195265664	1.0	0.493474	60	60	4100.0
-22863.726509184	-1702.108197504	1.0	0.863535	60	60	6200.0
15232.523036544002	-23248.284086016003	1.0	42.102678	60	60	7200.0
18112.794961536	15174.815179392	1.0	1.821935	60	60	5300.0
-8741.637957888	-7506.537249024001	1.0	1.009861	60	60	3400.0
2359.5268308480004	-17305.000834176	1.0	13.385119	60	60	4700.0
-10919.537443584	-12781.76410368	1.0	1.442094	60	60	3700.0
3466.263043584	-9177.470843904	1.0	1.052525	60	60	2100.0
-15755.596851456	5919.56152128	1.0	0.650181	60	60	3500.0
21571.637319936	7924.108908672	1.0	0.668122	60	60	7200.0
-21059.056427904	-5467.668991488	1.0	26.700125	60	60	5300.0
-19718.215380864	-1773.7610204159998	1.0	1.048849	60	60	5800.0
12588.821460864	9117.873616896	1.0	30.129604	60	60	4000.0
-17944.198474752	-1566.520965504	1.0	0.313427	60	60	4200.0
623.1379968	8813.895894144001	1.0	1.978702	60	60	2400.0
13592.257100927998	14358.053787264	1.0	1.24805	60	60	4700.0
12007.297881216	20056.317633792	1.0	0.219435	60	60	6600.0
-3071.894905728	19401.324281856003	1.0	1.662607	60	60	4800.0
11411.895318912	-20778.13577664	1.0	1.287239	60	60	4700.0
-17352.318766464	-11661.490089216	1.0	47.33775	60	60	5100.0
18389.264167296	-13315.4708544	1.0	40.842571	60	60	5900.0
14685.0225984	-15598.732482432	1.0	51.763738	60	60	4600.0
9784.592649216	16129.201233024	1.0	1.300522	60	60	4500.0
-14875.966435968	-160.647936768	1.0	0.832719	60	60	4100.0
23118.276449664	-12978.076712832	1.0	0.646694	60	60	6500.0
11084.26828608	23797.566067968	1.0	1.092622	60	60	5800.0
10871.318278656	15832.771333632	1.0	1.220441	60	60	4700.0
-2270.18088	21407.757820416	1.0	27.384838	60	60	6200.0
22569.211729152	-5784.035444352	1.0	1.259018	60	60	7200.0
4112.874931968	-8454.176932608	1.0	0.895802	60	60	2100.0
18706.419198720003	-10370.40352128	1.0	1.002505	60	60	5500.0
3289.95779904	23404.44034368	1.0	1.077403	60	60	7200.0
15233.701076352	247.853460096	1.0	0.346035	60	60	3500.0
3013.35179904	-9006.177096576	1.0	47.314585	60	60	3000.0
13755.29652288	4490.755340544	1.0	1.6214	60	60	4300.0
-13118.966733312	-3576.6350737919997	1.0	1.693229	60	60	3200.0
-2418.8134544639997	8113.792629888	1.0	1.044604	60	60	2400.0
-21125.552912640003	-9403.062248448	1.0	2.28306	60	60	4600.0
18113.000957568	22733.725310208	1.0	1.029676	60	60	7200.0
-10924.016247936	2014.856845056	1.0	1.883242	60	60	2400.0
-3804.074005248	12762.220230144	1.0	1.151806	60	60	3000.0
4663.6439477760005	-18225.460306944	1.0	1.761842	60	60	6000.0
11516.758564608	5131.874537856	1.0	0.989425	60	60	3400.0
5739.780093696	16677.581982336	1.0	0.515783	60	60	3700.0
-23818.489149312	5114.799398016001	1.0	0.736594	60	60	7200.0
-6978.188004480001	-10632.98408832	1.0	31.763933	60	60	3600.0
-4718.100930048	-1375.3695225600002	1.0	1.617876	60	60	1300.0
12010.584161664	-7304.09625792	1.0	1.417766	60	60	3400.0
-13522.517788032	12367.290431232	1.0	9.256276	60	60	4800.0
16538.758359552	-21509.901274752003	1.0	7.123257	60	60	7200.0
-19908.987018624	-9868.991476608	1.0	2.034499	60	60	6800.0
-14565.889299456	-6352.401027456	1.0	1.684514	60	60	4400.0
8172.266534784	9999.832753152	1.0	29.146334	60	60	3000.0
-16114.628623104	-23615.82767808	1.0	0.497219	60	60	5900.0
1086.923578752	5758.918412544	1.0	0.506007	60	60	1700.0
-4185.578656512001	-12853.809606528	1.0	1.714274	60	60	3400.0
-2678.901147648	1509.712731648	1.0	2.082667	60	60	1200.0
18276.244766208	-11344.13710848	1.0	0.666297	60	60	4500.0
-22912.199950464	-8524.568029824	1.0	0.603235	60	60	5300.0
-3439.644493824	20384.084679552	1.0	0.808663	60	60	4400.0
10060.509849984	15954.50533248	1.0	1.965812	60	60	4800.0
-9549.94385664	17913.149400960003	1.0	0.345914	60	60	5500.0
-14976.69205824	-20650.958976384	1.0	29.243743	60	60	5400.0
-17154.676839167998	2769.9111601920004	1.0	1.79635	60	60	4300.0
16834.594411008	3649.193957376001	1.0	0.926508	60	60	4000.0
-22264.680392064	11907.193465728	1.0	0.84249	60	60	5900.0
-5050.720147968	-8582.860078848	1.0	1.522468	60	60	2800.0
16817.874936192	-20113.920883584	1.0	1.003733	60	60	5700.0
5979.435555456	-2327.346388224	1.0	1.55563	60	60	1900.0
15076.122158592	-6115.082333184	1.0	2.139141	60	60	4800.0
-10540.38243456	9249.939604224	1.0	0.465348	60	60	4000.0
3907.10098944	-20632.358178432	1.0	0.960412	60	60	4300.0
-10347.54278976	-3055.0579488000003	1.0	0.208773	60	60	2500.0
12872.648587392	6972.793483392	1.0	0.489	60	60	3600.0
-7463.093007744	7416.558825984001	1.0	1.528263	60	60	3300.0
11320.111211904	-4688.540499455999	1.0	36.670245	60	60	3300.0
23436.45019584	11674.482323328	1.0	1.94127	60	60	6100.0
-22740.560194176	7142.529385728	1.0	2.131044	60	60	5900.0
16328.079136512	9008.191995264	1.0	1.078354	60	60	5300.0
-899.1002592000001	18044.751897216	1.0	0.238756	60	60	3600.0
-6127.8991488	15842.091044736	1.0	1.43243	60	60	4000.0
14113.343376	14720.714629632	1.0	58.309945	60	60	6300.0
-13028.109608448	8641.692867456	1.0	2.163034	60	60	3600.0
-1568.397460608	20030.133606912	1.0	39.5861	60	60	6400.0
23195.877408	16214.206783104002	1.0	1.824246	60	60	7200.0
7073.023427712001	-14816.201837184	1.0	2.119922	60	60	4700.0
-3040.6768508160003	-9894.660513408	1.0	1.255999	60	60	2900.0
4083.629932800001	-3596.808200832	1.0	1.955207	60	60	1500.0
6053.4718168320005	-12773.912114304	1.0	1.7461	60	60	3500.0
5337.302471424	-10022.04491904	1.0	0.324975	60	60	2300.0
-10863.179826048	-17392.581334656003	1.0	0.353879	60	60	4300.0
-15624.232538112	20685.040054272	1.0	0.455643	60	60	5200.0
-19716.710644224	9406.541650176	1.0	1.232818	60	60	4400.0
-8404.713744768	24134.335784064	1.0	1.998231	60	60	7200.0
-1897.6241813760005	10588.255590528	1.0	16.613402	60	60	3100.0
-20679.425053056	20363.771539584	1.0	34.899361	60	60	6000.0
-14067.596163456	12893.674666752	1.0	0.720328	60	60	6100.0
-2866.87735488	4933.099632384	1.0	1.153777	60	60	1400.0
5375.1687264	23613.408834048	1.0	2.222762	60	60	7200.0
8133.241552128	12440.662033536	1.0	1.985216	60	60	4600.0
3532.3121306880003	22538.341292544	1.0	1.344097	60	60	6900.0
-20451.842889984	6651.450938880001	1.0	1.997441	60	60	4600.0
-14243.552180352	8160.679257984	1.0	29.407674	60	60	4800.0
-18000.469187712	-1736.7573738240003	1.0	0.532442	60	60	4300.0
15774.596766720002	8503.574137344001	1.0	1.977735	60	60	4500.0
-4141.38928896	5290.868068992	1.0	1.319789	60	60	1700.0
13831.156171008	6071.412783744	1.0	6.694456	60	60	3100.0
-8955.288029952	22315.041593856	1.0	0.579187	60	60	5000.0
-14015.377778688002	-18421.399548288	1.0	2.221585	60	60	6900.0
9035.16299136	21902.006674944	1.0	1.006681	60	60	6800.0
11770.093450368	6692.894765568	1.0	0.838164	60	60	4000.0
-8484.997479552	-8736.91936128	1.0	0.393119	60	60	2800.0
-6174.793823616	-17067.126916224002	1.0	0.680473	60	60	4000.0
-21876.284529792	-14720.553695232002	1.0	0.421209	60	60	5200.0
-23674.695872256	21219.408245376	1.0	30.935761	60	60	6600.0
20454.799254912	17188.947819648	1.0	0.302149	60	60	6100.0
-21344.01331392	-2490.294077568	1.0	1.59457	60	60	6200.0
16005.605223168002	-7816.162159872	1.0	34.999727	60	60	5200.0
21706.769107584	17344.912565376	1.0	1.891074	60	60	6500.0
-11442.144548736	-20110.6442592	1.0	1.15931	60	60	7200.0
-1224.215106048	-18232.319331072	1.0	0.746974	60	60	5500.0
15915.826358784	23397.570054144	1.0	7.580186	60	60	7200.0
19143.85499136	2225.6905651200004	1.0	1.267105	60	60	5400.0
-7305.145550208001	-11025.287437824	1.0	0.210498	60	60	3900.0
16037.164459008	5901.607679616	1.0	0.849474	60	60	4300.0
16236.206515584	-4893.213650688001	1.0	36.93723	60	60	4800.0
22856.429743488003	-17383.585101696	1.0	0.623599	60	60	7200.0
-7398.518079744001	-19171.864014336	1.0	1.092863	60	60	6300.0
1384.84855872	7150.683931776	1.0	2.083134	60	60	2300.0
-18208.9629216	23386.235444352	1.0	9.353324	60	60	7100.0
-13688.146644480004	-12091.19459328	1.0	0.628072	60	60	5200.0
-6696.338761728	23603.160531456	1.0	2.220181	60	60	5700.0
1452.083732352	3186.50112	1.0	0.355605	60	60	1200.0
-15881.870809728	-9516.215225088	1.0	1.594464	60	60	3600.0
5745.264738048	-5162.435980416	1.0	2.232245	60	60	2100.0
4092.460403328	634.063833216	1.0	0.753379	60	60	1200.0
-20345.957710848	-19325.664192384003	1.0	0.574551	60	60	6500.0
-12767.651766144	-4074.458281344	1.0	0.546861	60	60	3700.0
-3162.9177930240003	-1952.8938823680005	1.0	0.569849	60	60	1200.0
-4857.379997184	2028.214400256	1.0	1.834963	60	60	1400.0
-11435.551066368	-13990.59870912	1.0	0.850831	60	60	4500.0
21261.994706304	-17409.283106688	1.0	1.030166	60	60	7200.0
-16731.610879104	-11854.223517312	1.0	59.829661	60	60	5100.0
-20214.343949184	-9228.536938368	1.0	0.247503	60	60	4600.0
5542.5517678080005	19547.146941696003	1.0	1.970122	60	60	5400.0
-8724.997340928001	22716.563265792	1.0	0.683618	60	60	5600.0
1143.678704256	-2341.822437504	1.0	0.327183	60	60	1200.0
14336.746072704	1107.2512028160002	1.0	2.266423	60	60	3100.0
8749.782847872	18198.334813824	1.0	5.304504	60	60	5500.0
13758.452446464	16884.397170432003	1.0	0.261073	60	60	5100.0
-22968.343525248	9937.15202304	1.0	0.650735	60	60	6000.0
-8918.537050368	-20022.32346048	1.0	2.216239	60	60	5800.0
-3192.365569536	-23322.960866304	1.0	1.208701	60	60	7200.0
7488.377411328001	-5971.173183360001	1.0	56.680828	60	60	2500.0
-21878.99949312	16385.873898240003	1.0	1.048623	60	60	6400.0
-15258.917887488002	3355.0364517119997	1.0	0.69636	60	60	4000.0
-9038.869310592	9025.33794624	1.0	50.39288	60	60	3300.0
12596.972788224	-9916.50413952	1.0	0.258502	60	60	4700.0
-1298.465410176	3597.3215815680005	1.0	0.538916	60	60	1200.0
2807.185176576	-6377.4359827200005	1.0	2.034277	60	60	1900.0
-11234.590671744	15839.253771264	1.0	1.690502	60	60	4600.0
20654.505970560003	15251.582497536	1.0	0.320193	60	60	6900.0
11716.658401536	3030.874336512	1.0	0.539265	60	60	3800.0
-23197.037745024	-4177.726667136	1.0	16.596106	60	60	4700.0
-14789.87940672	-6702.130790784	1.0	0.257879	60	60	4500.0
-9578.155656960002	-1888.866131328	1.0	2.141423	60	60	3100.0
167.418446976	-16949.149126272	1.0	1.317861	60	60	5200.0
-22474.039953024003	-19590.591182976	1.0	53.507873	60	60	7200.0
-5906.942654976	22964.384539008	1.0	2.059766	60	60	4800.0
-2632.54882176	-20421.183277440003	1.0	0.858707	60	60	5700.0
5274.68933376	-15216.220381824	1.0	0.206301	60	60	5000.0
-19800.460905984	16842.6298656	1.0	1.51543	60	60	5600.0
-3561.875779968	-23969.403773568003	1.0	1.992586	60	60	6300.0
-19321.262636544	-3592.0976509439997	1.0	1.984734	60	60	3800.0
18414.992749824	16507.408338432	1.0	1.517432	60	60	6900.0
-6640.681208832	3096.709380864	1.0	23.549589	60	60	1600.0
-20018.681515008	13664.08695168	1.0	1.268354	60	60	4900.0
-19128.181590144	-14441.155483392002	1.0	0.436737	60	60	4900.0
-2393.342366976	8354.115969408	1.0	2.168825	60	60	2300.0
-16662.291604992	13260.531068928	1.0	13.26526	60	60	4700.0
-20805.700620672	14223.773342592	1.0	26.70679	60	60	5400.0
-22833.824897664	10537.601488128	1.0	2.039156	60	60	6300.0
-12922.695967104	-4928.47115904	1.0	0.831773	60	60	2900.0
-5181.3634752	-17336.506961664	1.0	1.696271	60	60	5800.0
9074.155787136	14373.71914176	1.0	0.405426	60	60	3900.0
-21370.911889536	14591.041736832	1.0	0.662554	60	60	7200.0
-4171.593457152	-9593.582828544	1.0	1.264678	60	60	3200.0
-10635.280622208	20442.188435328	1.0	0.868379	60	60	5200.0
-5119.39568448	-22781.74491648	1.0	2.172879	60	60	6300.0
1061.653659264	-13118.104124928	1.0	1.852471	60	60	3900.0
-17256.757529088	-13034.080274688002	1.0	35.31493	60	60	5000.0
18265.819435776	6289.749265536	1.0	0.650659	60	60	3900.0
-14014.563450624002	-3540.22688448	1.0	1.256274	60	60	3200.0
-1029.9254423040002	5441.624977536	1.0	0.677574	60	60	1200.0
48.188587392	17005.553414784	1.0	1.271545	60	60	4100.0
-23482.945753344	-22819.00123008	1.0	1.667965	60	60	7200.0
3876.634498176	-19386.336461184	1.0	31.559489	60	60	4000.0
-19683.2024928	13761.494106624	1.0	2.235273	60	60	6500.0
983.98510848	10461.297661056	1.0	1.986622	60	60	3200.0
-4946.373501696	2661.6827761920003	1.0	1.671749	60	60	1400.0
1016.965395072	10636.222088448	1.0	1.301359	60	60	3300.0
-13997.565559296	16058.068228224	1.0	2.240331	60	60	4500.0
7151.569070976	-22037.806340352	1.0	48.067863	60	60	7000.0
-11773.313747712	-14353.422095232	1.0	1.103462	60	60	4900.0
7080.55837632	-21353.873764608	1.0	0.313113	60	60	7000.0
20255.150475648003	12381.3673632	1.0	1.487277	60	60	6000.0
-13781.495033856	9259.429905792	1.0	0.907391	60	60	4600.0
-12224.033065728	23417.426140416	1.0	55.304148	60	60	7200.0
-9906.798185856	20578.56907392	1.0	1.642461	60	60	6900.0
16457.552470656	17628.281028864	1.0	0.981293	60	60	7200.0
-9754.04086272	-16318.36191744	1.0	54.598081	60	60	4500.0
-6422.357601792	-10433.734426368	1.0	1.243284	60	60	3900.0
-14464.146571775998	-6371.296335360001	1.0	33.148892	60	60	3900.0
-6539.147695872	-4503.686419584	1.0	0.401456	60	60	2300.0
-23411.535941376	10318.3492896	1.0	1.160694	60	60	6400.0
20052.587174400003	-8511.278067072	1.0	6.408911	60	60	6300.0
9858.580630272	2774.43663552	1.0	0.812043	60	60	3200.0
6449.8709468160005	-10310.571330048	1.0	37.33726	60	60	2800.0
-10312.449434496	-12345.018719616	1.0	1.654365	60	60	4800.0
-8398.097731584001	18216.974236032	1.0	1.906839	60	60	5700.0
23970.824824320003	-13728.338401536	1.0	24.839092	60	60	7200.0
-20085.260076288	15176.730298752002	1.0	54.657052	60	60	5000.0
-17416.866335616	-22868.816864256	1.0	2.18227	60	60	6300.0
-217.811835648	18422.949346560003	1.0	0.86832	60	60	4000.0
2158.6533408	-20809.583967744	1.0	1.474514	60	60	5100.0
4898.571156864	-10483.043117184	1.0	1.749598	60	60	3600.0
8086.536779904	-5179.243969152	1.0	0.517498	60	60	2100.0
-10207.496065536	-6843.856060800001	1.0	1.193296	60	60	2700.0
-2720.964571776	-20028.311829504	1.0	58.514327	60	60	6000.0
20011.093458048003	4202.323880832	1.0	1.962812	60	60	4400.0
22481.702039808	-10833.736877568	1.0	2.085646	60	60	5700.0
-9611.07478848	-18309.350581632003	1.0	0.244465	60	60	4700.0
-18116.406329472	-584.793766656	1.0	0.79285	60	60	5300.0
-556.2761909760001	-3898.762978176	1.0	0.608611	60	60	1200.0
-15232.025749248	5747.308604928	1.0	1.898864	60	60	4200.0
-19774.799915904	20736.362034432	1.0	1.902057	60	60	6700.0
-20613.384012672	19902.271226112	1.0	1.993803	60	60	6800.0
16825.4098848	-3779.032612608	1.0	1.254598	60	60	3900.0
4814.946423936	8694.875249280001	1.0	0.204716	60	60	2400.0
16949.895861888002	-4319.075350656	1.0	0.448658	60	60	4600.0
19307.105237376	-9306.517701888	1.0	1.863079	60	60	6700.0
-10365.009000192	-1728.8812442879998	1.0	0.203706	60	60	3000.0
9769.752888192	-465.423894144	1.0	1.713719	60	60	1900.0
-17483.367648384003	-4169.567293056	1.0	2.269363	60	60	3700.0
1471.28642496	13387.15103616	1.0	0.812616	60	60	3700.0
-5407.949454336001	13950.983097216002	1.0	1.125741	60	60	4300.0
3735.985879296	-3545.796824064	1.0	0.885543	60	60	1200.0
-5907.803654016	-18416.907869184	1.0	0.463374	60	60	5900.0
-14709.748559616	-278.733552768	1.0	2.201964	60	60	3300.0
10846.188372096	-23268.685739904	1.0	34.000966	60	60	7200.0
-2719.118654208	1915.8677049600003	1.0	1.095834	60	60	1200.0
18215.709291648	-5201.2791072	1.0	1.784843	60	60	4100.0
538.8067618560001	-9340.177131648	1.0	1.697002	60	60	2300.0
-16747.184500992003	585.645109632	1.0	1.412032	60	60	5200.0
15103.19454336	4828.559864832	1.0	1.41754	60	60	3300.0
6015.531532032	-13887.338370048	1.0	1.753567	60	60	4700.0
6640.610397696	-15242.08093056	1.0	0.284608	60	60	4200.0
-12280.27641984	10338.736459392	1.0	1.619984	60	60	4500.0
14708.525458176002	12379.74997248	1.0	0.996973	60	60	5200.0
-3938.914501632	-347.829128064	1.0	1.639948	60	60	1200.0
14879.727472896	18134.146128384	1.0	1.170763	60	60	6600.0
-20077.206918912	12280.617600768	1.0	24.339098	60	60	7200.0
-7110.21053952	17675.650460160003	1.0	2.106414	60	60	5300.0
17128.838821248	255.081024	1.0	1.896152	60	60	4000.0
-9534.910974336	12702.569894784	1.0	17.29413	60	60	5000.0
7352.8111008	21087.316508544	1.0	2.065825	60	60	5400.0
20443.707656064	15469.993009152	1.0	1.906693	60	60	7200.0
9853.873299072	2657.812303872	1.0	1.081196	60	60	2900.0
-5968.1685381120005	-20959.544251008	1.0	0.941692	60	60	6200.0
16775.179039872	5237.544064896	1.0	0.828465	60	60	5200.0
6408.880955136	-23286.304838016	1.0	1.018348	60	60	5500.0
12934.795015296002	5152.981084416	1.0	0.487893	60	60	2800.0
10723.488766848	16555.15274688	1.0	2.13029	60	60	4600.0
12158.804744064	12584.033662464	1.0	2.221628	60	60	4600.0
-15140.436372864	-3684.364561152	1.0	0.501523	60	60	3900.0
-16743.899829888003	-2561.2339610880003	1.0	18.84267	60	60	4900.0
-16656.486701184003	-22253.651557632	1.0	40.660485	60	60	7200.0
-12320.382881664	12261.139710336	1.0	2.060745	60	60	4500.0
6075.600296832	7590.034843776	1.0	1.145958	60	60	2700.0
-19570.408399872	7230.909730176	1.0	0.900473	60	60	6400.0
-17782.996923648	-14926.132907136	1.0	0.350852	60	60	6800.0
24121.304925696	-9338.625724032	1.0	1.128576	60	60	7200.0
-14942.958598656	17655.057294336002	1.0	0.453831	60	60	6700.0
-10464.191261568	7993.606819968	1.0	43.078589	60	60	4100.0
-3296.509438464	-19424.502054144003	1.0	2.065502	60	60	5200.0
-1511.2609205760002	17995.533329664	1.0	38.960316	60	60	4500.0
11090.610710784	3788.397385344	1.0	1.500718	60	60	2900.0
2283.625339776	23446.3718016	1.0	1.233729	60	60	6000.0
-14664.703021056	-20215.201729536	1.0	0.967993	60	60	5800.0
4672.487293056	-3268.2670606079996	1.0	1.838647	60	60	1600.0
807.8858599680001	20430.527128704	1.0	0.877893	60	60	5300.0
9217.77525504	-4035.177412992	1.0	32.998017	60	60	2100.0
21462.705652608	22266.619651584	1.0	1.418002	60	60	7200.0
950.018294016	9510.12063936	1.0	55.3293	60	60	1900.0
