trucks_count 15
drones_count 15
customers 1000
depot 0 0
Coordinate X         Coordinate Y         Dronable Demand
X	Y	Dronable	Demand	Drone_service	Truck_service	Lw
10256.849817984	-15707.789678592	1.0	0.945273	60	60	4600.0
-12405.399697152	-12826.231887744	1.0	1.958634	60	60	4200.0
14643.23598144	15018.316131456	1.0	31.319271	60	60	5100.0
-11725.372999296002	-6967.503569664	1.0	0.641274	60	60	4000.0
-2676.549896064	12730.137957504	1.0	1.896761	60	60	3200.0
-364.247655552	968.284348416	1.0	0.200882	60	60	1200.0
-9313.260853248	-3138.983629056	1.0	43.311299	60	60	2500.0
12658.634803584	-10912.97775744	1.0	0.826759	60	60	5100.0
-8919.777854592001	2785.063133952	1.0	0.411209	60	60	2500.0
-2273.806732032	13547.781270144	1.0	1.892746	60	60	3700.0
-4605.911950464	12564.69578496	1.0	47.193095	60	60	2600.0
2922.822980352	-11936.800567296	1.0	1.590207	60	60	2500.0
2188.67565312	-7790.700728448	1.0	1.184461	60	60	2000.0
6152.3128972800005	8458.826327424002	1.0	1.095514	60	60	2900.0
-14602.088274048	-12960.821326464	1.0	0.609149	60	60	4500.0
-11999.793510144	5419.630073088	1.0	0.237652	60	60	4100.0
8009.558637696	14447.505954816	1.0	15.054399	60	60	4600.0
-5213.017662336	11041.911961344	1.0	1.230475	60	60	3700.0
11864.079139968	6288.976780416	1.0	2.18775	60	60	3500.0
3328.112126592	-15705.171275904002	1.0	41.480058	60	60	3600.0
-3844.51360128	-5537.112185088001	1.0	0.20609	60	60	1300.0
2201.259113856	-2188.624154112	1.0	0.207129	60	60	1200.0
-12382.482638592	6454.377110015999	1.0	0.445505	60	60	3700.0
4754.143798272	8164.874817792001	1.0	59.297561	60	60	2400.0
-11116.328027904	-10670.319259776	1.0	2.235654	60	60	4700.0
-16081.999173504	1793.980818432	1.0	1.657096	60	60	5000.0
-4375.7033379839995	6007.85817984	1.0	1.499492	60	60	1900.0
-15671.951197056	15020.34551424	1.0	1.347761	60	60	5000.0
-6752.226450816	6761.12773248	1.0	2.17489	60	60	2800.0
-3426.230611584	567.024999552	1.0	2.001638	60	60	1200.0
4690.217435904	7507.998533376	1.0	1.977203	60	60	2500.0
-3300.384738816	-14285.707337088	1.0	2.170562	60	60	3600.0
-2830.7427540480003	-8959.634868096	1.0	0.850262	60	60	2600.0
13965.882403968	3916.098831744	1.0	0.828333	60	60	2900.0
8651.606426496	7812.587806848001	1.0	1.578631	60	60	2800.0
-15433.666896384	-216.966930048	1.0	15.350693	60	60	3200.0
2562.545576448	-4120.528972032001	1.0	1.26881	60	60	1200.0
-14009.368488192002	-6494.272747776	1.0	49.06364	60	60	4900.0
-5361.5923004159995	-2242.533959424	1.0	1.902068	60	60	1600.0
-13664.133622656	-15955.375987584	1.0	0.295447	60	60	4500.0
-3044.087050752	-1202.672427264	1.0	46.096645	60	60	1200.0
-8088.175092096	8592.680295936	1.0	2.202879	60	60	3500.0
3248.8310131200005	5945.916138624	1.0	1.587504	60	60	1600.0
-15900.304235904	-1606.389244416	1.0	1.73334	60	60	4700.0
3551.978314368	-14671.127522304	1.0	1.777662	60	60	3900.0
1214.0553173760002	1417.881953664	1.0	1.656818	60	60	1200.0
-13496.608958976	10303.297095168	1.0	1.351774	60	60	4200.0
-8070.44977728	-11691.49791744	1.0	0.635555	60	60	4100.0
-4560.93722304	8330.379754752	1.0	1.750433	60	60	2900.0
10335.361665024	978.8432544	1.0	1.71536	60	60	3100.0
6083.189963136	-2758.8791070720004	1.0	2.086905	60	60	1400.0
2534.111686656	-4824.550988928	1.0	1.726266	60	60	1400.0
-1357.434993024	8034.405299712	1.0	0.715057	60	60	1600.0
-8829.100976256	-3671.365889664	1.0	0.915629	60	60	2800.0
9455.335350912	-8194.100504832	1.0	15.519763	60	60	3200.0
6567.074642304	-2865.3484780800004	1.0	1.71422	60	60	1600.0
8716.060653696	8305.016493312	1.0	1.724473	60	60	3000.0
-9209.490352128	14378.358880512	1.0	1.60718	60	60	4900.0
3106.602018432	-13389.148232064	1.0	5.397543	60	60	3100.0
1030.799316096	-430.333757568	1.0	14.063027	60	60	1200.0
-8347.797684864001	6546.241684224	1.0	1.355209	60	60	3300.0
15577.196241024	10793.707664256	1.0	1.185837	60	60	5100.0
-4316.664553344	2701.6975054080003	1.0	1.627881	60	60	1400.0
-15381.115377408	5709.5099424	1.0	1.748482	60	60	4600.0
7364.802322944	4330.490427648	1.0	0.824041	60	60	1900.0
-10679.97693312	14912.570965248	1.0	2.077447	60	60	4100.0
-9615.289660416	-11536.569589248	1.0	1.033623	60	60	3200.0
-14800.396469760002	-13174.485882624002	1.0	1.284515	60	60	5300.0
8784.705612672	-9704.991276288	1.0	1.243282	60	60	2700.0
-10016.848347264	-8882.260827263999	1.0	1.904456	60	60	4100.0
-9940.187245824	-10504.869040512	1.0	0.879949	60	60	3200.0
-8683.366830336001	5486.253696	1.0	1.767326	60	60	2200.0
6235.956942336	4171.02535872	1.0	4.513051	60	60	1600.0
1227.884410368	1962.268311168	1.0	0.547484	60	60	1200.0
2796.096796416	-6174.620014464	1.0	59.177506	60	60	1900.0
-10803.666284928	8326.193851008002	1.0	0.56041	60	60	3600.0
-15662.333757312	853.557433344	1.0	0.965271	60	60	4800.0
-8215.417875456	-14435.873616384	1.0	1.971243	60	60	3500.0
4214.2201516800005	-13581.32643648	1.0	2.091643	60	60	3400.0
13258.038195072	-9454.382619264	1.0	30.436948	60	60	4200.0
11851.696847232	2089.231068672	1.0	0.336942	60	60	3100.0
-15456.442332672	2559.8225664	1.0	1.646843	60	60	4900.0
9570.70439424	-9785.389274496	1.0	1.952706	60	60	3900.0
-1006.182790272	-13658.726226816	1.0	1.004959	60	60	3600.0
12676.619222784	3802.54190976	1.0	0.330698	60	60	3300.0
6005.873858688	13942.226656512	1.0	20.591084	60	60	3200.0
-7068.3692048640005	-11336.373633024	1.0	1.258785	60	60	3700.0
-3055.270382208	15838.59233088	1.0	0.676859	60	60	4200.0
-5442.574490496	-7117.4558062080005	1.0	2.097356	60	60	2400.0
916.0579169280002	9718.345612800002	1.0	0.991672	60	60	2900.0
12774.913126272	-15077.237433984	1.0	1.19456	60	60	6200.0
7387.119096192001	-8195.651912448	1.0	15.220673	60	60	2100.0
-9569.342889216	13760.288707968002	1.0	0.486904	60	60	4500.0
14739.759606528	13592.614375296	1.0	1.418007	60	60	4600.0
2707.800137856	8375.013301248	1.0	1.621497	60	60	2400.0
-4494.023918208	11405.634970752	1.0	1.754224	60	60	3600.0
8619.223206528	13466.134420992	1.0	1.635621	60	60	4500.0
4.568927616	-5594.718653568	1.0	2.029286	60	60	1200.0
-7952.216101632	13662.231378048	1.0	6.796858	60	60	3400.0
9287.522614656	11516.958123264	1.0	1.32569	60	60	4200.0
1126.4603328	-5689.8759456	1.0	1.285798	60	60	1700.0
11865.76573248	-7884.742745088	1.0	1.15113	60	60	4600.0
-12626.22100608	10612.56955968	1.0	1.014016	60	60	4800.0
-9955.290939264	3996.221632128	1.0	2.207263	60	60	2500.0
10657.801782144	-3845.191135104	1.0	22.172464	60	60	2700.0
15374.227385088	13314.543872256	1.0	59.400581	60	60	5500.0
12008.083241088	10360.938969216	1.0	1.666522	60	60	3100.0
12097.95383808	-16046.323235712	1.0	41.661759	60	60	6100.0
-16017.509540736	15972.361004160002	1.0	0.202655	60	60	6300.0
-11899.389756672	-4546.4305962240005	1.0	1.797322	60	60	2800.0
-7490.461511808	-3151.954941696	1.0	13.342358	60	60	2400.0
14776.447821696	-10054.566542592	1.0	1.069814	60	60	5200.0
12565.107777024	4710.2328472320005	1.0	1.444147	60	60	3400.0
-4105.079269632	-11416.887504	1.0	0.561837	60	60	3700.0
15635.54944512	2502.193567104	1.0	0.534272	60	60	4900.0
11842.818096384	6460.004985984	1.0	15.970638	60	60	2900.0
6249.382089984	7368.26884992	1.0	2.171824	60	60	2800.0
11450.653150464	15081.801533568	1.0	2.26525	60	60	4700.0
5617.3234993920005	14604.497462016	1.0	1.611477	60	60	3500.0
-4195.554979968	-15487.439907456002	1.0	1.122042	60	60	3600.0
148.336455168	3172.721916672	1.0	4.336156	60	60	1200.0
15400.956979584	11852.371162368	1.0	31.586893	60	60	6100.0
1961.124067584	1911.628692864	1.0	1.292751	60	60	1200.0
14402.573070336	-9638.792520192	1.0	0.326554	60	60	3900.0
8854.564017024	-7479.635454720001	1.0	1.106474	60	60	2600.0
14743.012090752	-14284.275020928002	1.0	1.046977	60	60	5300.0
15854.309184384	-14379.276206592	1.0	2.148567	60	60	5100.0
-1852.1940096	-6969.592498176	1.0	0.705738	60	60	1700.0
-12133.887270912	-15821.673297408	1.0	1.024593	60	60	6000.0
-11209.784243328	-5087.887947648001	1.0	6.738721	60	60	3800.0
-7859.955628799999	2873.425775616	1.0	0.99976	60	60	1800.0
-13987.717983360002	-1629.58954752	1.0	0.449452	60	60	3400.0
-11163.217874688	517.986678528	1.0	0.424944	60	60	3400.0
-7671.194061696	6775.816215168	1.0	15.133486	60	60	2700.0
12542.15692224	-12910.294362240002	1.0	2.637026	60	60	5600.0
-9787.64396544	12481.635931776	1.0	0.209137	60	60	3400.0
-15197.297715072002	-10315.60535808	1.0	3.10055	60	60	4000.0
-5204.930708736	6350.051385216	1.0	0.371736	60	60	2100.0
-6584.01942528	-15731.762466816	1.0	2.178469	60	60	4200.0
-12760.766992512	-15613.359810048	1.0	1.408456	60	60	5600.0
11157.783120000002	-15021.209731968002	1.0	1.017531	60	60	5200.0
6854.92834752	-13492.604911104	1.0	1.15776	60	60	3900.0
1364.4292020480002	250.143556608	1.0	53.163719	60	60	1200.0
3221.1953579520004	-14410.518401664	1.0	24.395212	60	60	3900.0
-8922.343148928001	1539.566062848	1.0	1.561767	60	60	2100.0
6058.932321024	-2667.2398410240003	1.0	0.365114	60	60	1600.0
-11738.653305984	228.03277939200004	1.0	1.541039	60	60	3100.0
16007.052023424	9375.3944064	1.0	2.076831	60	60	5600.0
-6553.59477696	-13003.248462336	1.0	1.738358	60	60	4600.0
2995.38347328	-8449.542021887999	1.0	1.372759	60	60	2000.0
5037.5685888	9090.62903232	1.0	48.407446	60	60	3300.0
5236.74904896	-7025.872867200001	1.0	1.746445	60	60	1900.0
-11990.198601216	-14285.354890752	1.0	1.941601	60	60	5600.0
-8028.973763712	16010.483144832002	1.0	0.486958	60	60	3600.0
-6037.640699904	15190.41294144	1.0	58.444616	60	60	3300.0
8972.612618112	-13268.714583168	1.0	0.24475	60	60	5100.0
10959.273756288	6200.4403296	1.0	8.222382	60	60	4000.0
8389.315541376	6026.484727296	1.0	36.660854	60	60	2400.0
14535.44212032	-15744.537439488	1.0	31.643653	60	60	4400.0
-12591.114776064	-5821.999869312001	1.0	0.808541	60	60	3300.0
9529.508406528	-2695.197364992	1.0	1.587907	60	60	2500.0
8830.21303296	14844.43616832	1.0	1.042433	60	60	4200.0
3308.125683456	-1228.582865664	1.0	1.538266	60	60	1200.0
-3477.822961536	-11292.177828096	1.0	2.176959	60	60	3600.0
-8387.994269952	10558.524569472	1.0	1.810504	60	60	3300.0
-12572.063361792	3614.174631936	1.0	0.390348	60	60	2800.0
3242.1280953600003	14727.065101056	1.0	0.491375	60	60	4000.0
-1484.615011968	255.93397632000003	1.0	0.685074	60	60	1200.0
-432.544996224	13375.763318016	1.0	0.812407	60	60	4200.0
1952.000696448	-15921.291691008	1.0	0.788658	60	60	4800.0
3357.579215232	8658.41556096	1.0	1.381867	60	60	1800.0
1956.539046528	15163.70587776	1.0	1.753022	60	60	4200.0
12853.672812288	-1353.284494848	1.0	0.299696	60	60	2700.0
-4785.11884224	-13055.655140352	1.0	50.292253	60	60	3800.0
14435.535654144	-839.82811968	1.0	1.029652	60	60	3300.0
-4647.386354688	5799.187418112	1.0	0.224554	60	60	1800.0
-9656.65945728	13309.096242815998	1.0	0.242988	60	60	3700.0
-304.67295936000005	9284.461642368002	1.0	42.87472	60	60	1800.0
14674.946495616	7388.195747328	1.0	2.234903	60	60	4800.0
14609.016499968	14682.243261312	1.0	0.619075	60	60	4300.0
-7266.876959232	5461.267021056	1.0	1.770729	60	60	2200.0
1975.22031168	-6724.062930816	1.0	2.031658	60	60	1800.0
11117.918059776	-11714.328071424	1.0	0.728666	60	60	3200.0
8438.353862400001	7743.50349696	1.0	0.728623	60	60	3300.0
3307.461024384	-5271.91321536	1.0	20.283384	60	60	1700.0
10904.972880384	2216.6943321599997	1.0	2.163201	60	60	2700.0
14032.420731648	-4120.068699648	1.0	1.027845	60	60	4600.0
-890.0332151040001	-9491.97528576	1.0	1.802663	60	60	2300.0
3911.5089826560006	-3962.579905152	1.0	0.685324	60	60	1300.0
3487.1056577279996	3628.142128512	1.0	1.788161	60	60	1600.0
-14837.998792320002	417.975604992	1.0	2.234532	60	60	3900.0
-15106.849363584	4373.982949248	1.0	1.72066	60	60	5000.0
-8156.437027200001	-10613.19720384	1.0	15.831176	60	60	4100.0
109.871524224	13546.99912896	1.0	38.406279	60	60	4300.0
-1366.456975488	15396.724404864	1.0	1.39376	60	60	3100.0
1533.405494016	15016.518494208	1.0	2.021376	60	60	4500.0
14114.854550016002	3925.06126848	1.0	5.22571	60	60	4100.0
12087.964639872	10935.157736448	1.0	2.184414	60	60	3700.0
-8874.647020800001	10463.417167104	1.0	37.333334	60	60	3700.0
5513.380798464	5233.588297344	1.0	49.172975	60	60	1900.0
10813.243491072	8236.460048256002	1.0	0.940132	60	60	3900.0
7054.821747072001	15155.179573248	1.0	1.839613	60	60	4000.0
9576.38537856	6672.607375104	1.0	0.782901	60	60	2400.0
3588.16924224	-11965.807383552	1.0	0.44024	60	60	3700.0
3469.686118272	-10673.645773824	1.0	29.803902	60	60	3500.0
-13606.364610432	-4872.430582272001	1.0	0.852684	60	60	4400.0
-15829.570348416	-13278.332022912002	1.0	0.303662	60	60	5600.0
11079.623719296002	-5963.573860992	1.0	1.288995	60	60	2900.0
-9254.59704576	3951.079532928	1.0	1.955177	60	60	3000.0
1415.859008256	6118.228600704	1.0	1.731209	60	60	2000.0
-7520.200579584	7303.108120704001	1.0	1.360931	60	60	3000.0
-10949.571021312	10322.132857344	1.0	2.05509	60	60	4200.0
-7189.248642048	15310.47000384	1.0	1.381793	60	60	4000.0
-157.036568832	-147.103697664	1.0	1.516207	60	60	1200.0
-14720.801534208	-6606.600130944001	1.0	1.875658	60	60	4300.0
-8467.701859584	6951.278163456	1.0	0.585578	60	60	2700.0
-2606.7510374400003	7702.080591744	1.0	1.67363	60	60	2600.0
-8667.263734272	9176.088417408	1.0	0.697426	60	60	3500.0
-10455.077546496	10243.894598784002	1.0	27.999326	60	60	4000.0
1174.908024576	13626.116089344	1.0	1.725173	60	60	3600.0
13066.411995648	-2500.658252928	1.0	26.144416	60	60	3300.0
3614.874696576	-2718.429854976	1.0	1.020209	60	60	1200.0
-8081.589656448	-2266.29431424	1.0	1.547218	60	60	2300.0
5221.543966848	-884.8672208639999	1.0	0.201318	60	60	1400.0
10893.548147328002	-1733.838023808	1.0	1.601899	60	60	2500.0
-9671.711651712	-3097.7345329920004	1.0	0.54082	60	60	2000.0
-7995.39801984	-8446.970290176001	1.0	1.441883	60	60	2900.0
13944.677687424	7866.309318912	1.0	1.58594	60	60	4100.0
4510.194606720001	-8739.323721216	1.0	1.85986	60	60	2500.0
-12160.42857216	9779.835428352	1.0	1.370935	60	60	4300.0
-6869.689250688001	7806.594609792	1.0	1.980768	60	60	2300.0
-8728.780908672	1708.735476096	1.0	41.410716	60	60	2700.0
8587.979402112	-4508.24730048	1.0	2.109249	60	60	2300.0
7704.547716096001	-11119.649713920002	1.0	1.850954	60	60	4000.0
10032.178958208	-13878.512727552	1.0	1.501213	60	60	5200.0
-8823.991309056	-8290.654707456	1.0	1.639813	60	60	2700.0
10612.484264448	-666.5098176	1.0	0.244079	60	60	2900.0
-6763.56588864	-5128.623662976001	1.0	0.452266	60	60	2700.0
16.762927104	-1949.573805696	1.0	44.854514	60	60	1200.0
-3947.452071552	2165.797218816	1.0	2.03336	60	60	1200.0
-1608.672903552	7166.370207743999	1.0	53.247814	60	60	1900.0
3700.948851072	-6241.393306368001	1.0	2.209529	60	60	1400.0
1240.85250432	15824.338371072	1.0	0.660076	60	60	4100.0
2697.3796354560004	-14995.891532160002	1.0	6.600231	60	60	4300.0
8954.121255552	8650.676225664001	1.0	1.480477	60	60	2800.0
-3986.77156416	14415.203202047998	1.0	1.51889	60	60	4600.0
13823.170606080002	5058.203597568	1.0	29.832138	60	60	3500.0
4093.089656832	-15838.13366784	1.0	1.002537	60	60	5100.0
3169.30527936	-12285.279870336	1.0	0.668204	60	60	3300.0
-1717.0026762240002	15923.950327296	1.0	1.529006	60	60	4900.0
-1137.439277568	-11683.546148736	1.0	0.768041	60	60	3600.0
7103.697524352	-8901.952760448	1.0	0.534392	60	60	2300.0
8639.348053248	1831.3304739840005	1.0	35.289435	60	60	2400.0
2035.911892608	6019.851011328001	1.0	0.883181	60	60	1600.0
-49.292597376	-640.12462272	1.0	2.254081	60	60	1200.0
4303.738302336	12030.472434816	1.0	56.35432	60	60	3700.0
3236.500219392	-15134.285460096002	1.0	0.209852	60	60	3900.0
13783.5887904	-9399.674579328	1.0	1.295932	60	60	4200.0
-13535.791657344	15011.50216896	1.0	1.551121	60	60	6000.0
-13319.664804864	11510.858709504	1.0	1.316437	60	60	4600.0
-3522.6367545599996	8686.291008384	1.0	1.778009	60	60	2000.0
-6464.474134272	6472.213469568	1.0	2.099568	60	60	2900.0
-14669.318619648002	1638.104586624	1.0	2.002419	60	60	3200.0
-6400.478570112	-2734.381672704	1.0	40.83445	60	60	2200.0
-12849.26803776	-4536.970872192	1.0	0.311788	60	60	4400.0
12595.854294144	13188.746279808	1.0	1.687459	60	60	5500.0
-8506.118510208	1953.6760235520003	1.0	0.385128	60	60	2200.0
15068.89942272	10005.368896512	1.0	1.679204	60	60	4800.0
-13111.348098816	-3449.3858530560005	1.0	1.153254	60	60	4100.0
11253.323435904002	-2799.685633536	1.0	0.722106	60	60	2900.0
10877.263195392	-560.103211008	1.0	1.935488	60	60	2100.0
13840.920061056	-10514.86628544	1.0	1.33271	60	60	4100.0
-12711.364959744	-10776.363763968	1.0	2.190983	60	60	4100.0
-13250.257016832	9760.845169152	1.0	2.090961	60	60	4600.0
13075.30844928	-15027.632623872	1.0	2.20313	60	60	6200.0
-1164.188184192	10192.31351424	1.0	2.092461	60	60	2500.0
2485.609277184	-4241.5468128	1.0	1.802216	60	60	1500.0
-14197.748640768	4691.0349826560005	1.0	0.989952	60	60	3200.0
-2889.0396311040004	-12581.33640192	1.0	2.020196	60	60	3700.0
4134.69441792	2463.377799168	1.0	1.567175	60	60	1200.0
-14947.725475584	5689.880773632	1.0	2.146846	60	60	4200.0
4173.354079488	1086.513196032	1.0	48.721177	60	60	1200.0
-4134.296909952	-7639.171334784	1.0	16.274806	60	60	1800.0
-8498.488610304	6320.2817399040005	1.0	1.289305	60	60	2900.0
5210.188435584	-6339.4264961280005	1.0	2.251416	60	60	2000.0
2689.965387648	-5567.771797632	1.0	1.257165	60	60	1600.0
-4082.8526196480007	3508.954111872	1.0	2.040428	60	60	1400.0
12099.447309312	-849.4230286080001	1.0	31.37451	60	60	3000.0
-14940.391694976	-15203.849354496	1.0	1.945738	60	60	5000.0
-14621.315106816	-6347.988206208	1.0	19.176814	60	60	4500.0
-7605.706635648	11213.118804096	1.0	0.432658	60	60	3300.0
-10468.829390976	-8518.23365184	1.0	1.701055	60	60	3900.0
-9047.250774144	3405.2206256639997	1.0	2.211824	60	60	2900.0
-9595.259764992	11960.470798848	1.0	2.161229	60	60	3200.0
13815.387818496	12731.336918784	1.0	15.213636	60	60	4200.0
-11300.074879104	-3450.262945536	1.0	2.218548	60	60	3000.0
-10983.55553856	-13831.912562688	1.0	1.899889	60	60	4200.0
-13629.431337984	-13878.004174848002	1.0	44.889179	60	60	3900.0
-13556.376776448	-9111.841795584	1.0	0.653732	60	60	3200.0
-9753.96844224	-3733.661986560001	1.0	25.573008	60	60	3200.0
15485.013016704	11275.680442752	1.0	22.116295	60	60	5800.0
6447.617865216	8659.142984448	1.0	0.796934	60	60	2600.0
-7949.641151232	5924.637392256	1.0	0.948336	60	60	2600.0
-15933.51948672	10968.450235776	1.0	51.089279	60	60	5400.0
11241.221169024	-1556.695920384	1.0	0.862152	60	60	3500.0
9693.508606848	-10619.278914816	1.0	16.950371	60	60	3500.0
-4155.3616135679995	6439.133403648	1.0	22.27926	60	60	1500.0
1756.153187712	-3105.650896128	1.0	0.739858	60	60	1200.0
-10766.329504128	-2903.4577440000003	1.0	0.523239	60	60	3000.0
-1339.189860096	4554.699405696	1.0	0.274782	60	60	1400.0
-11454.435108864	-11947.378785408	1.0	55.722634	60	60	4500.0
3935.211401088	14562.517723776	1.0	0.793875	60	60	3200.0
8236.191287808	-14387.84113536	1.0	0.494003	60	60	3800.0
12489.083975808	6489.509089536	1.0	1.640232	60	60	3500.0
-11078.561552256	5859.648862848	1.0	55.551894	60	60	3900.0
-5335.630363008	1795.6255680000002	1.0	22.685593	60	60	1300.0
13617.433678463998	11884.327906176	1.0	0.916781	60	60	5000.0
14861.05264512	11704.853863296	1.0	0.624593	60	60	5700.0
-3450.7344833280004	2029.188053376	1.0	1.942591	60	60	1200.0
-2947.556988288	-10501.254453888	1.0	1.062139	60	60	2300.0
5009.472661248	15148.209504384	1.0	27.572839	60	60	4000.0
10010.863196928	-14828.96232576	1.0	1.438575	60	60	4600.0
-14313.655204992	-8081.708747903999	1.0	1.643997	60	60	3500.0
2708.049586176	-4851.9307584	1.0	25.659681	60	60	1300.0
5389.882958592	-9350.430262272	1.0	1.047847	60	60	2700.0
9582.874253568	3547.6636631040005	1.0	2.101572	60	60	2100.0
10056.246697728	10480.66772544	1.0	31.830734	60	60	2800.0
2365.874083584	1389.747401856	1.0	0.522232	60	60	1200.0
4650.732180864	15657.502506624	1.0	0.556875	60	60	3800.0
-15065.582564736	3318.262941312	1.0	0.490723	60	60	4200.0
13779.86315904	3720.426741504	1.0	0.555689	60	60	4300.0
-14081.668267392	-10386.157389696	1.0	0.877479	60	60	3700.0
-12396.031705728	6646.0580271359995	1.0	1.732513	60	60	3200.0
-6655.202319744	8070.850503936	1.0	1.17824	60	60	3100.0
-4944.80600064	5747.306995584	1.0	8.820259	60	60	1800.0
-2481.53602752	-4247.820035712	1.0	15.295401	60	60	1600.0
10381.504776192	11211.377493888	1.0	42.111216	60	60	3600.0
-9861.911972352	-11129.967218304	1.0	1.598791	60	60	4300.0
-6306.771297024	12324.367617408	1.0	1.852402	60	60	3900.0
-12489.027648768	8386.706794752	1.0	0.825072	60	60	4200.0
7641.282794112	-9753.382641024	1.0	10.019919	60	60	2900.0
14851.663732224	12257.9306784	1.0	56.101105	60	60	4500.0
3908.448010368	-1422.066248064	1.0	1.802175	60	60	1300.0
3829.641653376	7304.628950784	1.0	0.520629	60	60	1800.0
-9489.540348288	15080.14873728	1.0	39.983726	60	60	4100.0
1747.919783808	9674.838607104	1.0	0.237007	60	60	3100.0
10131.491576448	12375.248637312	1.0	2.223653	60	60	3800.0
-9531.20304576	2559.095142912	1.0	42.589695	60	60	2500.0
6138.808891776001	-9737.628772608	1.0	0.347083	60	60	3500.0
4348.465190784001	13164.50634048	1.0	0.635069	60	60	4300.0
-15169.238802432	-15622.352824320002	1.0	0.7644	60	60	4500.0
8275.09396032	-4515.309101952001	1.0	1.444869	60	60	3000.0
15676.026056064002	-12737.890167552	1.0	1.421293	60	60	5000.0
3812.140037376	8324.71003584	1.0	1.4007	60	60	2800.0
-13302.02478528	-14054.492884608002	1.0	0.314784	60	60	6200.0
3910.356692352	3725.871152256	1.0	5.053335	60	60	1600.0
13752.037601280002	3358.675178496	1.0	2.042	60	60	2800.0
-4329.035580672001	3384.3055910400003	1.0	1.196129	60	60	1300.0
10175.24642112	-1373.243579136	1.0	0.561513	60	60	3100.0
-10567.206980352	-3751.56593856	1.0	2.044243	60	60	2700.0
12114.287070336	4063.365073152	1.0	1.283447	60	60	2700.0
-6198.76661184	5902.026109056001	1.0	0.760157	60	60	2200.0
15345.210912768	9721.198979712	1.0	0.613703	60	60	5500.0
634.599744768	15814.453780224	1.0	1.372155	60	60	3200.0
11321.617557888	-6520.2121543680005	1.0	2.020572	60	60	3200.0
5155.20358848	-1103.606038656	1.0	1.472225	60	60	1200.0
10911.704766336	-12209.386425984	1.0	0.31545	60	60	5200.0
15137.203200768	-10952.949034368	1.0	37.802731	60	60	4200.0
10112.115074688	-13091.96515968	1.0	2.177201	60	60	3700.0
445.8285216	4207.433548032	1.0	1.859499	60	60	1300.0
-9659.271422592	-5475.424420224	1.0	24.554164	60	60	3100.0
-14197.632768	-12109.029343488	1.0	0.929257	60	60	4500.0
5238.755900928	-8910.385723008	1.0	0.337353	60	60	2200.0
-12030.226205184	3544.905247488	1.0	40.537135	60	60	3100.0
8883.36966528	11032.47959616	1.0	2.208059	60	60	2900.0
-4864.873102848001	-14185.276224768002	1.0	1.454026	60	60	4500.0
-4843.407672576001	7538.777237376	1.0	0.838057	60	60	2800.0
-11336.2593696	14348.643952896	1.0	21.496973	60	60	4000.0
7746.764027904	9771.42982464	1.0	0.624737	60	60	3900.0
16080.121069056	6830.641737216	1.0	2.035588	60	60	4600.0
-6714.178339968001	6310.546818048	1.0	34.997645	60	60	2600.0
-14797.184219136	-15865.68563712	1.0	0.775201	60	60	5700.0
3544.7958120960006	-14297.622920064	1.0	0.428322	60	60	4600.0
13491.457448832	-5653.186121088	1.0	44.52713	60	60	3500.0
-12912.352713216002	-6404.508367488	1.0	1.615163	60	60	4600.0
684.7356384	-8275.23880128	1.0	1.116466	60	60	2600.0
13275.403016832	-2316.4028490240003	1.0	29.040733	60	60	4000.0
3047.514953472	6119.1716762880005	1.0	1.202716	60	60	1400.0
4990.836457728	12141.773056512	1.0	1.460848	60	60	2900.0
-7751.691839231999	8976.57482304	1.0	1.46913	60	60	2400.0
2918.5067197440003	-7399.903724928	1.0	1.116748	60	60	2100.0
631.73189376	-10331.953074432002	1.0	0.617324	60	60	3100.0
-7351.58799936	2130.874454016	1.0	0.888292	60	60	2200.0
3984.38973504	15354.963537408	1.0	1.250243	60	60	4800.0
-7823.425129344	-11758.911728256	1.0	0.87414	60	60	3900.0
13204.350479232	-3464.795321856	1.0	0.608805	60	60	3700.0
15645.089636352	-1542.839468544	1.0	0.798424	60	60	3000.0
-8693.602258176	-6697.3655232	1.0	41.680844	60	60	3500.0
-2791.727427456	9616.41781056	1.0	1.183139	60	60	2800.0
-14615.521468416	-7434.615665664	1.0	20.771071	60	60	5200.0
-10550.968699392	14793.18660864	1.0	1.651767	60	60	4500.0
16067.321956224	-6629.365911168001	1.0	1.636002	60	60	4600.0
-13008.708966528002	-14146.880495616	1.0	0.344705	60	60	3700.0
-8733.605721984	11227.301952768	1.0	0.742636	60	60	3900.0
609.170500224	15630.771302784	1.0	0.781377	60	60	4700.0
6442.878347136	3885.553482624	1.0	45.012268	60	60	2200.0
-6230.351597184	-15722.177213952002	1.0	2.20018	60	60	4500.0
1697.730781824	4798.273620096	1.0	1.696063	60	60	1200.0
-14010.910239744	3377.88430848	1.0	1.307473	60	60	3500.0
8736.426902015999	-3171.50203392	1.0	0.286226	60	60	2400.0
-7912.42828992	-15605.926250112	1.0	20.279092	60	60	4400.0
11832.43621824	-13466.987373312	1.0	1.793361	60	60	5400.0
-5018.905026431999	-943.434467712	1.0	1.922225	60	60	1500.0
-12100.298652288	1601.9217054720002	1.0	1.817271	60	60	2700.0
13313.27409984	-13320.554772096	1.0	1.897615	60	60	4700.0
2473.571384064	-10122.447063168	1.0	3.796179	60	60	3200.0
-1515.038050944	3191.057172864	1.0	1.822277	60	60	1200.0
775.0648984320001	3376.3506036480003	1.0	0.931824	60	60	1200.0
6727.754765952	7046.527188096001	1.0	0.338032	60	60	2500.0
4612.362201216	7034.447452032	1.0	1.694478	60	60	1700.0
3485.988772992	9751.399929216	1.0	31.399559	60	60	2000.0
5131.00710144	11034.12917376	1.0	0.445452	60	60	2500.0
-8544.662299008001	11447.308933632	1.0	0.769828	60	60	2900.0
-6302.323070208	-1149.118286976	1.0	1.847505	60	60	1800.0
-14830.71651072	565.344844416	1.0	9.762978	60	60	4300.0
7958.764522368	7533.683663616	1.0	1.076998	60	60	2800.0
-15753.258474624	5049.094710528	1.0	1.635122	60	60	4400.0
-3342.9357941760004	-7191.215260416	1.0	0.378582	60	60	2500.0
-2018.204280576	6882.171322752	1.0	0.88578	60	60	2100.0
-15542.918823168	4207.2597388799995	1.0	0.49746	60	60	4300.0
-8578.727283456	-9999.736192512	1.0	1.880014	60	60	3200.0
-9269.560726272	6455.558368512	1.0	3.317651	60	60	3400.0
12847.412464128	7997.271296256001	1.0	1.198103	60	60	3800.0
-2592.289472256	10088.420702976	1.0	1.866301	60	60	2100.0
-9517.921129728	-9267.64077888	1.0	18.690787	60	60	3600.0
13437.264398976002	5168.281117824	1.0	55.249151	60	60	3400.0
7551.347823360001	-9731.331409536	1.0	0.960706	60	60	2800.0
-2248.039525248	15825.818967552	1.0	1.427457	60	60	4100.0
-11527.684401024	3691.930087296	1.0	0.65325	60	60	3500.0
-9013.357989504	-1629.4495345920002	1.0	2.045714	60	60	2200.0
-15252.989064192	5115.01022208	1.0	0.384156	60	60	3400.0
-3980.557886976	14683.656265344	1.0	0.612181	60	60	4000.0
3132.742593024	-7186.046047488	1.0	1.637216	60	60	2500.0
-9632.379284352	5053.6427166720005	1.0	0.269366	60	60	2300.0
6751.812849408001	13880.311974144	1.0	1.249081	60	60	4000.0
6669.955176192	6625.622577024001	1.0	2.092074	60	60	2800.0
13718.439326592	-1256.073679872	1.0	2.151664	60	60	4100.0
12341.32688448	-3479.401728	1.0	2.198851	60	60	4000.0
3646.132985088	2915.625993984	1.0	1.834814	60	60	1300.0
-7427.441210112001	852.094539648	1.0	28.176711	60	60	1700.0
-14590.142113536	14214.09635712	1.0	0.627195	60	60	4900.0
-13133.053321344	5484.538135296	1.0	0.263671	60	60	4200.0
3105.5591635200003	-6927.168580992001	1.0	1.004972	60	60	1600.0
7330.788837504	10399.42804032	1.0	1.271702	60	60	3800.0
-10783.034494848	4370.4971101440005	1.0	0.98986	60	60	3500.0
-15072.258123648002	2659.025749248	1.0	2.04396	60	60	3000.0
4441.00086144	8015.173638912001	1.0	1.994079	60	60	2700.0
12357.730927872	3330.23967936	1.0	0.606456	60	60	2500.0
-9331.752215808	14380.162955136	1.0	1.639193	60	60	4600.0
-12009.341748096002	-10196.557354368	1.0	1.752816	60	60	3800.0
-1577.112058368	2145.643403904	1.0	1.76207	60	60	1200.0
15273.525902976002	9359.709739776	1.0	1.42099	60	60	4400.0
-9902.581704576	13611.319780608	1.0	1.257508	60	60	3700.0
-7713.991346688	-14636.00198016	1.0	0.473389	60	60	4400.0
273.667337856	-14569.994736000002	1.0	1.391972	60	60	3500.0
-2438.664712704	-685.704463488	1.0	0.49289	60	60	1200.0
-11114.0491968	9050.038157952002	1.0	1.686327	60	60	4000.0
6326.4696675840005	-6086.0867823359995	1.0	0.526973	60	60	2600.0
3452.808927744	3535.083421056	1.0	13.169843	60	60	1200.0
-1232.631975168	-5706.947866752001	1.0	1.870661	60	60	1900.0
10582.735540608	-3734.485970688	1.0	50.024039	60	60	3500.0
-14856.858694656	109.78140096	1.0	0.471157	60	60	3900.0
-9147.24575424	-11343.628555776	1.0	1.384032	60	60	2900.0
12108.730005504	-1221.086541312	1.0	0.693147	60	60	3300.0
-6122.882823552	3939.3136189440006	1.0	29.632329	60	60	1700.0
-3988.96831872	-10996.604099712	1.0	17.204255	60	60	3200.0
942.607264896	7187.003607168001	1.0	1.289782	60	60	1700.0
-2337.332367744	7512.42583872	1.0	35.898974	60	60	1700.0
587.12087808	-5865.965538048	1.0	1.261912	60	60	1500.0
9752.692232448	-271.67336064	1.0	59.001151	60	60	2200.0
962.135044992	-8004.085258752	1.0	1.153429	60	60	2200.0
-10844.10588096	16017.118470144002	1.0	1.551196	60	60	4400.0
-4600.895625216001	7768.324409472	1.0	0.514896	60	60	2800.0
-12814.934292864002	6079.379036544	1.0	2.007811	60	60	2800.0
-3206.68229376	5366.396192256	1.0	1.910146	60	60	1500.0
7692.7850208	-12670.278407424	1.0	0.878015	60	60	3600.0
-14940.797249664	-12328.320166272	1.0	41.179979	60	60	6200.0
-7202.3712330240005	8433.390645504	1.0	0.436032	60	60	3200.0
-12382.596902016	-11883.626232192	1.0	34.529565	60	60	3800.0
1178.343974016	-6886.569659904	1.0	1.406118	60	60	1600.0
13840.332650496	11357.19693504	1.0	0.805379	60	60	4500.0
-11552.32989504	6300.757178496	1.0	2.023903	60	60	4100.0
-9846.219259008	-5962.566411648	1.0	38.85332	60	60	2800.0
-9205.243293312	-11905.8464448	1.0	5.305558	60	60	4800.0
6830.443787904	13266.7479648	1.0	1.388248	60	60	4100.0
-9034.5353472	-11471.375063808	1.0	1.187213	60	60	3300.0
9965.799955584	-1183.509968256	1.0	10.752602	60	60	2800.0
6777.1922042880005	14665.081216896	1.0	1.595536	60	60	3800.0
12473.991547776	-662.895230976	1.0	48.203024	60	60	3600.0
7979.491263744	-13185.952458624002	1.0	1.814984	60	60	3500.0
11737.835759232	11933.791094016002	1.0	2.637799	60	60	3600.0
-1878.078698496	-923.295136896	1.0	1.348435	60	60	1200.0
13467.283492608	-13260.683956608002	1.0	0.2071	60	60	4600.0
4128.509708928	14728.870785024	1.0	1.770131	60	60	3600.0
-12932.958753792	-7225.494287616	1.0	1.91837	60	60	4500.0
-1996.370310528	12568.141390464	1.0	1.72497	60	60	3000.0
3311.2719509760004	9840.362856192	1.0	2.138588	60	60	3200.0
9393.874503552	-8177.635306368001	1.0	0.91876	60	60	2600.0
4694.771879424	-1135.8749952	1.0	14.647935	60	60	1500.0
498.40739942400006	5060.804297472	1.0	0.692016	60	60	1400.0
-13985.23154688	3953.639999232	1.0	1.602414	60	60	3800.0
-68.03823628800001	3895.11942336	1.0	13.75633	60	60	1200.0
-2826.9881544960003	-7723.492913664	1.0	0.639075	60	60	1900.0
14095.859462784	-14367.413731968	1.0	1.398634	60	60	5900.0
-7388.741314944	1460.639005056	1.0	1.950103	60	60	2300.0
-13693.444604928	744.823715328	1.0	1.86201	60	60	3300.0
-9608.985859968	-13426.739289216	1.0	1.442863	60	60	4600.0
7322.275407744	-7423.617408768001	1.0	0.61476	60	60	2400.0
7394.56553088	-5681.657025792	1.0	1.969736	60	60	2300.0
-14345.220878208002	3759.640017408	1.0	55.776082	60	60	3200.0
1510.782945408	-11372.828493312	1.0	59.757313	60	60	2400.0
-8564.375153664	-1311.351427584	1.0	1.597215	60	60	2200.0
-10278.18811008	5602.359818880001	1.0	1.352614	60	60	3500.0
15585.178587264	14971.788387072002	1.0	0.294577	60	60	5600.0
7125.146861184001	15942.642857856	1.0	0.804091	60	60	4200.0
11462.32733184	6198.765002496	1.0	1.161519	60	60	3500.0
-3846.958194816	11446.00858368	1.0	2.041507	60	60	2800.0
9133.942916736	-15235.881737472	1.0	52.872379	60	60	4200.0
14378.886745344	6045.170820480001	1.0	25.595505	60	60	3600.0
3635.263475712	8455.981007232	1.0	2.245842	60	60	2400.0
-7492.265586432	15065.049871872	1.0	1.448514	60	60	4300.0
-4067.034377472	-14534.582730624	1.0	0.492938	60	60	4600.0
14448.894818688	4565.4272928	1.0	1.459561	60	60	3800.0
-10716.824473344	-5561.006115456001	1.0	1.806308	60	60	2400.0
-9513.070566912	2990.355882624	1.0	6.545124	60	60	2200.0
-10445.011099776	12582.553065984	1.0	1.460087	60	60	4700.0
4658.410361088	5088.637901952	1.0	0.9169	60	60	1700.0
7649.921752703999	4937.140695168	1.0	0.696143	60	60	2600.0
-548.9230982400001	-13241.194800767998	1.0	1.999	60	60	2900.0
-4888.51114752	4174.755818112	1.0	0.258236	60	60	1700.0
-381.506260608	13198.88192832	1.0	2.074229	60	60	2500.0
-5073.429601152	2946.095703936	1.0	0.691793	60	60	1300.0
9592.837702272	-909.8023968	1.0	1.756029	60	60	2600.0
-5604.4712782080005	10904.430531456	1.0	1.717848	60	60	2700.0
9538.832945664	14030.664937344	1.0	0.830144	60	60	4400.0
1100.263431168	-5334.630960384	1.0	1.191053	60	60	1200.0
-4900.96747008	15985.245412224	1.0	16.797456	60	60	3600.0
-4351.15118592	300.548210688	1.0	1.587285	60	60	1300.0
7662.922033536	-15285.367456128	1.0	1.652182	60	60	4500.0
2066.903030016	6316.456329216	1.0	25.409285	60	60	1700.0
-8141.8322304	-6732.351052416001	1.0	1.877719	60	60	2800.0
-1036.134291456	-306.814996224	1.0	0.641539	60	60	1200.0
9102.370806144	-3126.6560540160003	1.0	2.118692	60	60	2300.0
6877.552505472001	13842.888288768	1.0	0.879799	60	60	4200.0
-6757.0979351040005	15649.79213952	1.0	1.918977	60	60	4900.0
3629.930109696	9938.893333248	1.0	1.171	60	60	2100.0
3941.241613056001	-1105.542079488	1.0	0.789727	60	60	1200.0
-5057.864025984	-11329.237801728	1.0	1.354544	60	60	3900.0
15287.654333952	12046.950508032	1.0	40.416009	60	60	5700.0
9434.70677952	-2809.502631936	1.0	0.602537	60	60	2200.0
10260.240705792	15091.015027968	1.0	1.504849	60	60	5600.0
-12207.601663488	7567.92406656	1.0	1.063184	60	60	3000.0
6185.793689856	-15066.387236736002	1.0	1.621503	60	60	4400.0
11836.898929152	-2670.427951488	1.0	0.406075	60	60	3800.0
14957.698580352	652.543930368	1.0	1.382641	60	60	3000.0
-4913.299873152	-1489.200033024	1.0	1.919998	60	60	1200.0
-12238.36105536	-9880.89740352	1.0	0.449372	60	60	4400.0
-1377.603292032	2883.4487700480004	1.0	1.341387	60	60	1200.0
11639.986034688	-12504.42585216	1.0	1.985016	60	60	3300.0
15516.113589504	7035.709177728001	1.0	0.39286	60	60	4500.0
-14371.712289792	7067.98939968	1.0	1.149148	60	60	3400.0
10304.135563392	-11427.073042176	1.0	2.002946	60	60	3600.0
14367.838598784	12510.319269888	1.0	37.505582	60	60	4900.0
-10625.563403136	-4828.894608384	1.0	1.534088	60	60	2500.0
-6057.733359744	5013.805015296	1.0	42.117071	60	60	2200.0
7462.449270144	-9071.962251264	1.0	1.704785	60	60	3100.0
-15431.603717376	-10695.597225984	1.0	0.372788	60	60	4100.0
-2372.187540096	12619.234843776	1.0	6.975786	60	60	3200.0
7002.054576	8608.953982464001	1.0	1.211089	60	60	2600.0
13609.139119488	-1204.775839872	1.0	0.581963	60	60	4100.0
-2230.257883392	-10367.431062912	1.0	39.205867	60	60	2200.0
-12409.94931264	6854.973409152	1.0	22.302103	60	60	4000.0
15715.2039264	-14095.06122816	1.0	23.593956	60	60	5400.0
11528.3748096	-5839.694606592	1.0	1.285843	60	60	3300.0
-2601.9165680640003	-16027.547019264	1.0	1.490673	60	60	3400.0
4954.154679936	11361.522851712	1.0	0.300593	60	60	2900.0
-10946.378082816002	-5346.59482368	1.0	36.581173	60	60	2900.0
3015.3956659200003	11565.742167936	1.0	1.955953	60	60	3200.0
-3770.776677888	7510.813276032	1.0	1.832225	60	60	2000.0
7012.053430272001	13843.728366336	1.0	3.487113	60	60	3800.0
-1548.3048007680002	-12172.147815168	1.0	10.915975	60	60	2900.0
-6192.445108608	6483.525548544	1.0	0.774609	60	60	2900.0
9503.548078464	-6676.149541248001	1.0	0.599147	60	60	3200.0
-946.064135808	5455.763064576	1.0	0.927255	60	60	1300.0
8154.134055936001	5154.798033792001	1.0	32.482753	60	60	2300.0
9717.545768832	-3793.293009792	1.0	1.553519	60	60	3100.0
-15746.286796416	-7731.275701248001	1.0	46.356872	60	60	3900.0
-11404.353932928	9360.992386944	1.0	0.777685	60	60	3800.0
10356.95745216	-9870.447932928	1.0	1.739497	60	60	3100.0
14401.097301888	-7185.796599168	1.0	4.47292	60	60	5000.0
10664.950488192	-9875.589787008	1.0	1.804284	60	60	3600.0
-9156.058521984	-11171.563932672	1.0	0.627765	60	60	4500.0
7758.867904128	-15488.542308096	1.0	1.517485	60	60	4700.0
8265.360647808	15910.792330752	1.0	1.047121	60	60	4000.0
-13589.130145536	12630.567844224	1.0	9.43382	60	60	5100.0
14820.518097792	-3348.3480180479996	1.0	1.874292	60	60	4100.0
2823.037214976	-14147.210411136	1.0	2.121096	60	60	4100.0
11018.383352064	10636.040232576	1.0	1.152755	60	60	3600.0
-699.3259511040001	14283.146870784	1.0	1.146427	60	60	3800.0
8832.49025472	8903.328749568	1.0	28.064775	60	60	3300.0
-1637.769843072	-967.114355328	1.0	0.940774	60	60	1200.0
14218.446413952	-4653.065729664	1.0	2.145657	60	60	4700.0
-14901.730424064	198.64132992	1.0	1.56122	60	60	2900.0
3443.1126301440004	9015.306905088	1.0	12.966187	60	60	2800.0
12403.730807424	8397.334902528	1.0	1.672463	60	60	4300.0
-14470.769022336	4610.089807488001	1.0	37.375802	60	60	4000.0
-1488.27305088	1159.392339072	1.0	31.292999	60	60	1200.0
-1658.454741504	4405.50677952	1.0	1.551146	60	60	1200.0
-13272.419293056	-3512.316031488	1.0	1.349963	60	60	3200.0
-1586.792262528	-4141.556660736	1.0	17.95127	60	60	1200.0
-12345.174825984	15109.18934976	1.0	24.509088	60	60	4000.0
5819.912550144	-12644.886177792	1.0	1.336474	60	60	3700.0
-12156.366587904	1417.4055878400002	1.0	39.819173	60	60	3700.0
14892.710050944002	14045.416184448002	1.0	1.671416	60	60	5700.0
-653.789562624	-15620.957523072	1.0	2.011339	60	60	3400.0
-11440.783043712	-4596.513381504	1.0	11.723668	60	60	3100.0
7993.919032704	4387.995507456	1.0	0.605876	60	60	2500.0
11657.358903168	-1183.812524928	1.0	0.400979	60	60	2400.0
9903.156240384	12812.803521408	1.0	2.0911	60	60	3900.0
-1492.206287616	-2148.953824512	1.0	1.625509	60	60	1200.0
-9285.538293504	7982.091963648	1.0	0.701374	60	60	2500.0
13265.52486336	-13289.97884544	1.0	1.930269	60	60	5100.0
-3577.087299456	-4926.597882624001	1.0	0.577944	60	60	1500.0
-9022.236740352	10051.442805888	1.0	1.916932	60	60	4000.0
-7466.203869696	15065.154479232	1.0	2.266264	60	60	4900.0
13298.706317952	7477.490199168	1.0	0.56315	60	60	3800.0
-1586.3239434240002	-10594.715497344	1.0	0.877311	60	60	3300.0
7131.088559232001	-3540.421615104	1.0	0.921954	60	60	2200.0
-2004.450826752	-14099.733153792	1.0	1.301068	60	60	3100.0
-15212.369221632	14529.370065408	1.0	1.366905	60	60	5100.0
-14586.324749568004	-7852.662081792	1.0	2.116636	60	60	3900.0
-4020.337651968	-3358.227780864	1.0	0.337835	60	60	1200.0
-606.8852317440001	3894.760539648	1.0	0.948014	60	60	1200.0
-3386.159555328	10700.714939904	1.0	47.645454	60	60	3400.0
14612.154720768	14229.727915392	1.0	1.775331	60	60	6000.0
6098.678289792	-4096.554574464	1.0	1.737257	60	60	2300.0
-5886.9980547840005	14013.31459968	1.0	0.526018	60	60	4000.0
-15635.679801984	14495.763744000002	1.0	1.356055	60	60	6800.0
2419.598814336	-13949.578139904	1.0	0.353345	60	60	3700.0
6305.638318848	7795.971330048	1.0	0.922498	60	60	2700.0
-724.021334784	-7930.100496384	1.0	0.205064	60	60	2400.0
-14574.714941952	-233.116697088	1.0	0.598333	60	60	3600.0
14590.058427648	-114.313313664	1.0	0.466579	60	60	3300.0
381.775021056	-3032.565757056	1.0	1.084074	60	60	1200.0
-1452.284900352	-4269.89540736	1.0	22.222205	60	60	1200.0
-6071.047462656001	14033.315526912002	1.0	30.594056	60	60	3900.0
-10267.465051008	-11041.723668096	1.0	0.771317	60	60	3200.0
231.098579712	8530.490415744001	1.0	31.866643	60	60	2200.0
5668.836991488	-840.9079895039999	1.0	0.281133	60	60	1700.0
-9753.804289152	1853.4814848	1.0	1.973125	60	60	2700.0
-13371.793066368	-4927.598894592	1.0	1.863986	60	60	2800.0
3775.091329152	11989.965246336	1.0	1.546624	60	60	3700.0
4263.353424000001	10553.455135872	1.0	1.50636	60	60	2900.0
-8714.75064768	4822.725992832	1.0	1.620734	60	60	2200.0
13028.513553792	4855.4713151999995	1.0	2.137711	60	60	3700.0
7689.65484672	-12165.142340736	1.0	0.709475	60	60	4100.0
510.4758700800001	3738.37736448	1.0	1.538375	60	60	1200.0
7986.231196416	-9406.702584576	1.0	1.20079	60	60	3500.0
15816.521787264	7540.887087360001	1.0	2.188306	60	60	5100.0
3183.29852544	-9864.655903872	1.0	4.456166	60	60	3300.0
11518.816915584	15681.63301056	1.0	0.561424	60	60	4400.0
15916.674483072	6039.983904768	1.0	0.646362	60	60	3300.0
-9861.857254656	4472.196385536001	1.0	0.301757	60	60	3000.0
-4413.3957838080005	702.58326336	1.0	21.688353	60	60	1200.0
-3888.727108992	-12162.570609024	1.0	0.629525	60	60	3600.0
-2352.131895168	1497.660354432	1.0	1.456092	60	60	1200.0
12610.346436864	-14000.034292992	1.0	0.733354	60	60	4100.0
-90.044406144	9459.131793408	1.0	0.537463	60	60	2600.0
-10372.53590208	15653.640081024	1.0	0.958769	60	60	5600.0
7366.430979072001	10107.616958208	1.0	28.925886	60	60	3900.0
-1377.492247296	-4970.615050368	1.0	0.605452	60	60	1600.0
15199.100180352	-14032.552697856	1.0	0.495311	60	60	4200.0
-12934.8609984	-4864.440189312	1.0	59.495585	60	60	4300.0
-9698.605399296	-11566.74961728	1.0	2.196963	60	60	3600.0
10547.579420928	10723.3809408	1.0	0.487394	60	60	3500.0
-11630.83369536	7922.17286784	1.0	2.145355	60	60	3500.0
3975.066805248	13285.720521216	1.0	1.893377	60	60	3600.0
-8731.727617536	-4530.884333184	1.0	2.141999	60	60	2600.0
10421.40363264	9632.142710784	1.0	1.784692	60	60	3300.0
738.677630592	-15781.29968448	1.0	56.472673	60	60	4900.0
14524.529158656	13255.712692992	1.0	5.743506	60	60	4300.0
2896.291335168	-3087.857988864	1.0	0.468385	60	60	1200.0
10105.00660224	-971.659142784	1.0	0.262317	60	60	3200.0
199.94489856	8406.554834304	1.0	40.425806	60	60	2600.0
-11594.266180992	-10040.637670272	1.0	2.113189	60	60	3400.0
12572.089111296	11706.944401152	1.0	0.282551	60	60	5000.0
-15903.765934848	7693.779595392	1.0	26.842524	60	60	5700.0
-13690.307993472	9837.078185088	1.0	1.782189	60	60	5300.0
-7958.61646272	-12749.16684096	1.0	1.506589	60	60	4000.0
-40.549031424	-11669.824881792	1.0	1.505387	60	60	2600.0
-7833.726540287999	12912.590896128	1.0	0.625271	60	60	3100.0
-1554.582851712	-5002.103475072	1.0	1.666338	60	60	1200.0
10758.063913344002	9569.260812672	1.0	0.395605	60	60	4500.0
14540.147842176	-16.058034432000003	1.0	1.714083	60	60	3300.0
3101.988029184	-12559.563586944	1.0	1.454733	60	60	3700.0
-8358.523962624	-6301.149858432001	1.0	2.006634	60	60	2200.0
13612.425399936	8969.025390336	1.0	13.963358	60	60	3500.0
8595.132936192	-10177.077854592	1.0	1.358014	60	60	3100.0
12971.959596288	15528.32690112	1.0	1.258882	60	60	4300.0
12643.49731392	8334.67992192	1.0	0.231027	60	60	4200.0
-1457.415489024	-11505.2404896	1.0	2.188125	60	60	3500.0
9412.896949632	-10229.589139968	1.0	0.253715	60	60	2700.0
-10667.494861056	10996.568694144002	1.0	1.228166	60	60	4900.0
12090.547636992	-6911.76233088	1.0	35.278663	60	60	4400.0
-9109.736773632	-14096.096036352	1.0	0.866303	60	60	4100.0
-4875.691113216	-6397.465878144	1.0	59.460655	60	60	1900.0
-16071.651091584	-1265.380516224	1.0	41.76956	60	60	3900.0
2712.513906432	-6554.936969856	1.0	2.019046	60	60	1400.0
1842.525070848	15968.653075584	1.0	0.402237	60	60	4500.0
-13724.704502784	8843.068472832001	1.0	10.814897	60	60	3600.0
1638.7193560320002	1721.7808185600002	1.0	0.375777	60	60	1200.0
-13793.783984639998	11622.667883904	1.0	2.175484	60	60	4400.0
-9426.766276224	-10274.48661888	1.0	1.126204	60	60	4300.0
9107.076528	555.47312832	1.0	1.536682	60	60	1900.0
8076.079262592	-2299.319662464	1.0	0.46022	60	60	1900.0
6725.298907007999	-15512.996290176	1.0	1.931256	60	60	4100.0
10853.441685504	171.43054156800002	1.0	1.597028	60	60	2500.0
11322.093923712	15897.25291968	1.0	0.456605	60	60	4300.0
6755.36628096	-15564.133195776	1.0	1.885042	60	60	4300.0
-1230.1423200000002	-14858.239511807998	1.0	1.451169	60	60	2900.0
9908.238548736	-14256.673161984	1.0	0.86886	60	60	3900.0
4183.925860224001	604.368217728	1.0	22.541612	60	60	1200.0
-12560.530802688	-16004.834347392	1.0	1.024114	60	60	4100.0
-9700.752264192	-8219.484687744001	1.0	0.489133	60	60	2700.0
-9614.771451648	6881.56299072	1.0	1.958903	60	60	3300.0
-15308.422918272	-1219.2454517760002	1.0	1.801572	60	60	3600.0
10467.387418752	14291.872733952	1.0	0.41534	60	60	4800.0
-4745.525761152	9916.261128576	1.0	39.665108	60	60	2900.0
11772.581496192	-4425.939010944	1.0	0.365053	60	60	2600.0
13182.873783552002	7223.212237824	1.0	1.256729	60	60	3200.0
12483.76992192	-12422.877172992	1.0	55.302271	60	60	5400.0
14967.021510144	14974.162169472	1.0	0.922686	60	60	4500.0
-9220.211801856	-15732.065023488	1.0	2.198828	60	60	5600.0
778.893527808	-13508.321764608	1.0	0.419764	60	60	3000.0
13918.52423808	8889.071571072	1.0	2.117172	60	60	4900.0
-1847.34988416	3592.3535366399997	1.0	0.440808	60	60	1200.0
-15499.104432768	-8935.684610688	1.0	1.133261	60	60	4900.0
-15351.286186368	-2192.995132416	1.0	52.586726	60	60	3600.0
9826.715619072	2155.045191552	1.0	1.328955	60	60	2100.0
11286.133132032	-8417.821851648	1.0	1.533997	60	60	4300.0
5185.584784512001	-12862.733419008	1.0	0.840635	60	60	3400.0
-12868.076441088	8209.21546368	1.0	0.408458	60	60	3200.0
-7375.535038079999	4828.34582208	1.0	2.089018	60	60	1800.0
3010.2425464320004	1791.367243776	1.0	7.22629	60	60	1200.0
-6046.85258496	-15752.389428864	1.0	0.396239	60	60	4900.0
5610.981074688	11264.189726592	1.0	1.828523	60	60	2400.0
-13668.615645696	14913.048940416	1.0	7.246179	60	60	6400.0
8051.573781504	-3746.445005952	1.0	0.384926	60	60	1800.0
6303.137398272	-7613.58115584	1.0	1.259889	60	60	2700.0
1991.291220864	-13299.150496896002	1.0	1.503922	60	60	3500.0
13741.454555136	-16056.15149952	1.0	1.127808	60	60	6400.0
11412.545493888	10035.093480192	1.0	1.829759	60	60	4200.0
-7447.93137792	-3524.743385856	1.0	1.085979	60	60	2300.0
12670.663040640002	117.850651776	1.0	0.460229	60	60	3300.0
1097.905742208	3488.555676672	1.0	1.477624	60	60	1200.0
185.17916736	7802.88829056	1.0	1.122754	60	60	2000.0
-2533.0591756800004	-15159.65033088	1.0	1.791649	60	60	3000.0
-5666.337680256001	15655.540716288	1.0	1.494273	60	60	4000.0
10954.914043392	-10289.430987264	1.0	0.268561	60	60	3400.0
-5647.237985664	1606.007829888	1.0	0.523892	60	60	1900.0
2758.412397312	-13290.207372288	1.0	0.822753	60	60	4200.0
-11250.251198208	-7312.514736384	1.0	1.127409	60	60	2800.0
6948.841616639999	-14643.564287616	1.0	0.519554	60	60	3700.0
-2580.956471808	11302.24588416	1.0	0.461908	60	60	3100.0
10642.022164224	-6423.743246976	1.0	1.225579	60	60	3600.0
6718.565411712	-1631.501448192	1.0	1.809502	60	60	2000.0
3661.902946944	-13446.693545472	1.0	0.636178	60	60	2800.0
7859.463169536	-6533.2124352	1.0	22.160271	60	60	2600.0
-3797.153826048	-9136.405213056	1.0	0.505707	60	60	2200.0
-5786.101842048	-15919.693612416002	1.0	2.852293	60	60	4900.0
-7858.397783808001	14104.1298816	1.0	0.607629	60	60	3400.0
8703.261540864001	5225.911726464001	1.0	1.630695	60	60	2000.0
9816.206602752	-15048.753654528	1.0	1.386894	60	60	4900.0
7258.163970816	-5483.430906624	1.0	1.442171	60	60	2400.0
6047.382059136	-2852.798813568	1.0	0.801514	60	60	2000.0
-7836.653937024	14930.495838720002	1.0	2.059834	60	60	4600.0
7602.996500352	4037.21645184	1.0	1.027317	60	60	1700.0
-4756.952103552	-4342.673161728	1.0	1.062027	60	60	2000.0
-10763.817318144	11963.57361408	1.0	1.154709	60	60	3900.0
2795.182689024	-13985.818957439998	1.0	0.437921	60	60	4500.0
-4584.797357184	15344.745812352	1.0	1.283182	60	60	4800.0
-1463.152800384	-602.9181987840001	1.0	1.544798	60	60	1200.0
11520.286246656	14144.030347392	1.0	1.083527	60	60	4000.0
7984.552650624	10091.843777664	1.0	11.451649	60	60	4100.0
-13873.230860544	-4302.788789376	1.0	0.521795	60	60	3400.0
5476.54935168	13272.671960064	1.0	0.648864	60	60	3200.0
9819.554038272	951.608325888	1.0	1.622702	60	60	2200.0
5524.147309824	-14874.308811648	1.0	0.806963	60	60	4000.0
-10135.563216768	1034.11617408	1.0	1.060844	60	60	3100.0
-751.140390528	-6443.00065728	1.0	1.049265	60	60	1700.0
14602.828572288	15142.729688064	1.0	0.376706	60	60	6400.0
-7812.156502656001	-7553.362722048	1.0	2.038098	60	60	2700.0
3374.845867008	2844.4720677120004	1.0	0.790045	60	60	1200.0
-14612.766271488	-12528.902365056	1.0	1.257267	60	60	4600.0
-13078.523918592002	-10512.838512	1.0	0.31834	60	60	4800.0
11349.586347264	6189.792909696001	1.0	1.883494	60	60	3100.0
10553.236265088	4094.888903424001	1.0	1.544315	60	60	2400.0
5246.754340608	-5443.353412992	1.0	1.349687	60	60	2400.0
-15509.957848704002	12755.407876992002	1.0	0.380762	60	60	3900.0
-148.11114700800002	-15897.198201984002	1.0	24.698561	60	60	4400.0
-12293.220373632	-8194.9405824	1.0	0.524443	60	60	3000.0
-15810.663775104002	-3042.817278336	1.0	1.772595	60	60	5100.0
-13697.435778048	-8775.693286272	1.0	0.796326	60	60	3900.0
-12643.252693632	-1118.117493504	1.0	0.322483	60	60	2700.0
1819.720666368	-2401.2925263360003	1.0	0.826765	60	60	1200.0
4767.234202368	-4408.466363136	1.0	1.114346	60	60	1300.0
6430.457430144	-15502.419681408	1.0	2.013598	60	60	3600.0
13864.934692224	-6644.670772608	1.0	1.043895	60	60	4400.0
-15348.083591808	-2940.405063552	1.0	21.127723	60	60	3900.0
8937.09761472	2958.490871424	1.0	0.453965	60	60	2000.0
-6274.582807680001	9416.292665472	1.0	2.039138	60	60	3400.0
-8266.649732352	-7565.595345792	1.0	1.290821	60	60	2900.0
-2572.30302912	14405.25423744	1.0	1.989965	60	60	4600.0
9052.070759424	5767.731180288	1.0	42.920963	60	60	3300.0
-6652.973378304	-8530.651350144	1.0	1.853291	60	60	3400.0
3645.894802176	15969.998487168	1.0	0.528773	60	60	4000.0
2632.708146816	-125.58194035200002	1.0	0.948029	60	60	1200.0
5620.730480640001	839.342097792	1.0	1.665135	60	60	1400.0
13316.980419072	9166.757440896	1.0	40.302561	60	60	5100.0
2520.004177152	-3873.20015808	1.0	4.967279	60	60	1400.0
415.1930492160001	15192.10275264	1.0	2.269231	60	60	3700.0
6322.07454912	501.671149056	1.0	12.915439	60	60	1700.0
10500.51898368	-15172.199995392002	1.0	0.445948	60	60	4400.0
-5088.3659228159995	-8265.927136896	1.0	0.515752	60	60	2300.0
-5505.313156992001	-2074.087141632	1.0	0.365685	60	60	1800.0
-10434.43127232	2833.164816768	1.0	1.807113	60	60	3000.0
-3224.8775370239996	911.537269632	1.0	1.934095	60	60	1200.0
-8362.806427008	-3123.0672168960004	1.0	0.569435	60	60	2500.0
-10709.415053568	-15.470623872	1.0	2.13282	60	60	2400.0
1794.336483456	-15914.986281216	1.0	1.932859	60	60	3900.0
5725.70798976	-9800.723104128	1.0	1.12025	60	60	2500.0
6757.105981824	-10487.117976192	1.0	0.928341	60	60	2800.0
-10434.999370752	-13393.506335616	1.0	2.169731	60	60	3700.0
-11814.6771072	-3582.192138624001	1.0	0.216331	60	60	4000.0
8288.50784256	-2053.2010752	1.0	0.981569	60	60	2000.0
-8927.335334016001	13374.577231488	1.0	0.346226	60	60	3100.0
530.211255552	-13176.800119296002	1.0	2.181984	60	60	3100.0
-14834.020493952	3269.276119296	1.0	1.278344	60	60	4300.0
-9098.207433216	13844.093687424	1.0	1.850002	60	60	3900.0
-1423.772152704	-6142.3784167680005	1.0	1.181386	60	60	1400.0
-4237.948319616	-9812.131743744	1.0	50.392907	60	60	3400.0
-4393.38037248	-14746.621849344	1.0	1.037886	60	60	3500.0
-430.304789376	7378.106769792001	1.0	1.721963	60	60	2000.0
4525.520389632001	3352.562889984	1.0	1.507835	60	60	1600.0
7919.675165952	-14416.772312448	1.0	2.255672	60	60	4700.0
6273.105429888001	-14135.951440512	1.0	0.300799	60	60	4100.0
15086.581285248	-2080.641999744	1.0	33.086503	60	60	3300.0
-3411.250837632	2096.313791616	1.0	0.722268	60	60	1200.0
-8240.885744256	-6777.134267904	1.0	59.334857	60	60	2800.0
-15148.777602816	15250.51389312	1.0	1.081549	60	60	6800.0
14354.548636032	15078.183728256	1.0	1.739669	60	60	4400.0
-12544.60312512	13891.9378752	1.0	1.535084	60	60	4400.0
-7976.485009152	418.463236224	1.0	2.151237	60	60	2400.0
-9794.190776832002	-15650.488985472	1.0	1.629855	60	60	5100.0
14026.871713536002	-3237.4239828480004	1.0	0.56713	60	60	3100.0
11412.939783168	-7019.066951424	1.0	0.517357	60	60	2700.0
-4788.147627648	-5760.065874816	1.0	51.464491	60	60	1500.0
628.411817088	-12020.843729664	1.0	0.350159	60	60	3800.0
11834.629754112	-5026.803686784	1.0	1.230877	60	60	4100.0
8658.965956608	14563.224225792	1.0	55.83423	60	60	4000.0
11883.829009536	6907.928873472	1.0	2.196929	60	60	3800.0
2473.10306496	4418.199675648	1.0	1.541585	60	60	1200.0
4364.305963776001	-5771.488998528001	1.0	0.524016	60	60	2000.0
-5268.696136704	2900.950386048	1.0	32.765819	60	60	1800.0
14911.198194816	1197.250547328	1.0	0.463102	60	60	4000.0
-12817.99043712	-16049.232929664	1.0	1.61555	60	60	6300.0
-4481.879808384	-5721.914765952	1.0	1.005143	60	60	1400.0
2055.468640896	-13351.035747456	1.0	1.509627	60	60	3600.0
-3583.988166528	-2592.6435279360003	1.0	0.72962	60	60	1200.0
6902.2285770240005	11538.24813504	1.0	52.867483	60	60	3700.0
-13271.880162816002	-14405.522997888	1.0	1.595382	60	60	4400.0
7980.635507328	-5946.415035264	1.0	1.317101	60	60	2600.0
2774.982203136	-13635.297396864	1.0	0.929554	60	60	3600.0
-14600.279371392002	-7310.134516608	1.0	1.385914	60	60	4500.0
12201.841821312	-2426.179421952	1.0	1.298977	60	60	3600.0
-12401.513131392	-14485.653844992	1.0	0.244679	60	60	4700.0
7445.20353984	5643.468902016	1.0	1.143807	60	60	2300.0
10890.335896704	-15521.854119552	1.0	1.155465	60	60	4700.0
12275.026739712	-2195.5942229760003	1.0	54.856924	60	60	2700.0
-11620.475957376	13282.545285504002	1.0	0.819556	60	60	5400.0
1322.92904832	-4759.7942050560005	1.0	2.125634	60	60	1400.0
9071.247702528	13778.780070528002	1.0	1.814896	60	60	4200.0
-842.6332062720002	4012.64176896	1.0	40.877322	60	60	1200.0
15161.765008896002	3824.564173056	1.0	1.091278	60	60	3300.0
-6684.907591296	7737.6454848	1.0	1.992173	60	60	3000.0
15890.543564544	7723.201622400001	1.0	0.951961	60	60	4000.0
-942.911430912	6495.497458559999	1.0	21.133676	60	60	1600.0
-12150.355688064	-9957.012937344	1.0	0.260759	60	60	4600.0
11518.142600448	13229.842488192002	1.0	2.030187	60	60	4800.0
7537.187205504	9164.132600832	1.0	9.901978	60	60	3700.0
13454.059512960002	-11669.689696896	1.0	1.962728	60	60	3500.0
-3214.032167808	-12271.283405568	1.0	0.32724	60	60	3200.0
-11607.676844544	3065.002085376	1.0	0.697188	60	60	2900.0
4443.352113024001	-2658.269357568	1.0	1.319125	60	60	1200.0
5729.246937216	-965.326374144	1.0	0.313684	60	60	1200.0
1170.400252032	-14202.932337792	1.0	0.322235	60	60	3200.0
-14561.373480192002	-11269.666324224	1.0	2.264012	60	60	5600.0
4037.10379776	11544.976802304	1.0	1.816548	60	60	2500.0
15591.846099456	3100.985407872	1.0	1.431449	60	60	4100.0
-11217.657154176	13153.654533888	1.0	0.96743	60	60	3500.0
11908.146197376	2002.023936	1.0	1.048404	60	60	3700.0
5572.038168576	-2994.430741632	1.0	3.784095	60	60	1500.0
-15296.895187200002	-8860.228907904	1.0	1.366618	60	60	3700.0
8079.64717824	9.248899968000002	1.0	0.278256	60	60	2400.0
1215.8577826560002	-2410.277493888	1.0	0.780714	60	60	1200.0
-828.37763712	-11533.836923136	1.0	1.627225	60	60	3500.0
2983.382595072	3603.79597248	1.0	1.884514	60	60	1500.0
-14744.145068928	-14142.77827776	1.0	1.558652	60	60	5400.0
-5407.490791296001	-10257.561148032	1.0	22.544522	60	60	2900.0
5295.065238144	4930.502151168	1.0	16.852366	60	60	1700.0
-2407.831291008	-9058.638492288	1.0	1.155897	60	60	1800.0
-9993.820243968	-13887.422055936	1.0	1.067275	60	60	4400.0
-739.3197588480001	10879.411669632	1.0	1.334257	60	60	3200.0
-12367.974402432	14929.61874624	1.0	0.318488	60	60	4000.0
-3352.71416832	2170.523862144	1.0	18.610572	60	60	1200.0
10195.53220224	-6299.931585024	1.0	1.122369	60	60	3100.0
140.019365376	10769.176433664	1.0	1.305469	60	60	2100.0
7948.559672064001	-6317.438029056	1.0	48.77234	60	60	2600.0
12695.055867648	-3704.706669312001	1.0	1.781954	60	60	3200.0
9018.221427072	-4617.697176576	1.0	33.989521	60	60	3100.0
14838.475158144	12371.865796224	1.0	2.002265	60	60	4600.0
-10905.746974848	2601.237424896	1.0	36.357351	60	60	3500.0
-10640.922982272	9178.191830016	1.0	1.01229	60	60	3300.0
-3053.89922112	10292.353555968	1.0	2.071672	60	60	2800.0
319.593187584	8833.280442624	1.0	1.429775	60	60	1900.0
14112.107399808	3254.5409656320003	1.0	1.483184	60	60	3100.0
-13077.128617343998	5788.932678144	1.0	44.358653	60	60	3200.0
9690.635927808	-10270.160702208	1.0	2.213028	60	60	3000.0
-8711.676800640002	3469.01341248	1.0	0.971548	60	60	2200.0
4241.118727296	7608.085246080001	1.0	0.85279	60	60	2000.0
15936.332620032	6401.18990016	1.0	1.816211	60	60	4300.0
-10520.109528192	-3456.3704060160003	1.0	0.921732	60	60	3500.0
10539.951130368	3457.347277824	1.0	1.787074	60	60	2200.0
-1941.42408768	8324.79050304	1.0	0.921756	60	60	2000.0
-12161.091621888	6186.538816128	1.0	0.605983	60	60	4400.0
12791.666397312	-4208.111081856	1.0	1.18125	60	60	3600.0
-6978.493779840001	9481.424426496	1.0	1.583774	60	60	2700.0
-4420.494600192	14588.375053824	1.0	1.566182	60	60	3200.0
13351.714890624002	11115.874192896	1.0	0.891608	60	60	5200.0
-2194.440323328	9313.706641536	1.0	2.08537	60	60	2600.0
5060.698080768	-4197.767827968	1.0	0.215007	60	60	1800.0
14005.668606336	2022.74424	1.0	1.352515	60	60	4000.0
5340.7738264320005	-6780.159834624001	1.0	0.445876	60	60	1800.0
13570.299211392	14545.851357312	1.0	0.583202	60	60	4600.0
9015.57727488	15874.063881984	1.0	1.573808	60	60	3900.0
3649.0668192	-12938.83607808	1.0	1.201678	60	60	4000.0
6600.275409024	-13799.289550464002	1.0	1.613269	60	60	4400.0
10762.319018880002	-507.550082688	1.0	0.737892	60	60	3000.0
7871.159881728	5444.111414016001	1.0	0.560608	60	60	3000.0
-4430.316426624	-5987.08959552	1.0	0.637538	60	60	2100.0
8878.92787584	-3624.002895744	1.0	1.372818	60	60	2200.0
-10769.18287104	1955.8566846720005	1.0	1.202877	60	60	2600.0
-7218.562843008	12812.645805696	1.0	0.289191	60	60	2900.0
-11104.478428032	-14801.059519488	1.0	0.499562	60	60	3600.0
-906.046187904	14156.90027136	1.0	0.938883	60	60	3500.0
6718.676456448	198.324289152	1.0	18.912893	60	60	1400.0
10963.72037376	11354.523814656	1.0	37.701818	60	60	3800.0
-13636.089194112	5402.43101376	1.0	0.779009	60	60	4600.0
-5645.300335488	13880.495439360002	1.0	0.370747	60	60	3000.0
12205.046025216	-10422.279115776	1.0	23.744932	60	60	4700.0
13573.857470976	15077.192372352	1.0	0.750231	60	60	5600.0
7543.977027840001	9039.26681856	1.0	1.060514	60	60	2300.0
5282.718350976	2246.45110272	1.0	1.323953	60	60	1200.0
3380.204982528	10064.211341184	1.0	1.515393	60	60	2100.0
-934.172692992	13891.241029248002	1.0	0.579867	60	60	4100.0
-2137.857397632	12298.157841024002	1.0	1.92728	60	60	4000.0
-16047.2920608	-12885.779225088	1.0	1.659765	60	60	5100.0
13125.76138368	1883.99464704	1.0	1.590042	60	60	4000.0
14015.451808512	-9027.047069568	1.0	0.208207	60	60	3700.0
-485.08203110400007	3818.669145984	1.0	1.03328	60	60	1200.0
-15010.53656256	-1631.976204672	1.0	1.820925	60	60	3500.0
-12567.22245504	15167.434727808	1.0	1.664731	60	60	5200.0
-8830.05209856	-8955.814285440001	1.0	1.972441	60	60	3900.0
-11175.97675392	15687.800016768	1.0	41.789699	60	60	5300.0
7222.68759168	318.78690624	1.0	48.142029	60	60	2300.0
10959.758168832	6825.520804608001	1.0	27.539397	60	60	2600.0
8575.086947328002	7583.825994624	1.0	55.694769	60	60	2300.0
5224.941292032	-12775.87390464	1.0	1.158668	60	60	3900.0
11619.901421568	7040.443867776001	1.0	1.098752	60	60	3800.0
699.737943168	2095.750521216	1.0	2.261627	60	60	1200.0
-1428.643636992	12576.843113472	1.0	0.324428	60	60	3800.0
4751.321008896	14130.94959936	1.0	2.19388	60	60	4100.0
-6844.906962432	1572.926154624	1.0	1.682385	60	60	2200.0
-4865.442810624	2312.4004104960004	1.0	1.34059	60	60	1300.0
-10685.136489984	-12715.286931072	1.0	1.435314	60	60	4800.0
9715.68214848	-7649.40515328	1.0	1.621417	60	60	3600.0
-466.51663872000006	-2856.7030821119997	1.0	0.61691	60	60	1200.0
11603.568189312	-2400.268983552	1.0	2.153926	60	60	2600.0
13714.287219072	5733.2880000000005	1.0	0.59067	60	60	3900.0
-8756.669230848	8055.355739904001	1.0	2.002853	60	60	3300.0
