trucks_count 15
drones_count 15
customers 1000
depot 0 0
Coordinate X         Coordinate Y         Dronable Demand
X	Y	Dronable	Demand	Drone_service	Truck_service	Lw
-17964.579207168	-8675.304016896	1.0	2.11359	60	60	5200.0
-9476.87963904	-19758.690382464	1.0	1.174997	60	60	5700.0
8616.031877376001	11868.900734592	1.0	2.043747	60	60	2900.0
-17665.500327552	-23495.451965568	1.0	1.005352	60	60	7200.0
-7455.741524352	8158.406864256	1.0	0.929362	60	60	3000.0
7860.217951872	-4374.2597564160005	1.0	1.482047	60	60	2100.0
3430.8108046079997	12828.589576704	1.0	1.302439	60	60	2700.0
-7229.421086976001	22826.600552448	1.0	1.98108	60	60	6700.0
11347.912629504	475.136285184	1.0	44.631961	60	60	2500.0
-6119.396984448001	-23022.504388224	1.0	1.354976	60	60	7200.0
-18167.155383168	-2847.618335232	1.0	2.704986	60	60	5600.0
17174.495910528	17328.1689504	1.0	2.035228	60	60	7200.0
-1904.301349632	-23705.847944064	1.0	1.239456	60	60	6500.0
-10328.451141888	-1574.10741312	1.0	47.355358	60	60	2000.0
15257.445337728	22828.237255296	1.0	1.222338	60	60	6600.0
3111.0534639360003	-2403.809540352	1.0	1.200129	60	60	1200.0
-11727.123965568	15172.079294592	1.0	38.104156	60	60	4500.0
13914.257867136	-6424.671838464001	1.0	2.226515	60	60	3500.0
2797.616017152	-17019.042936192003	1.0	57.200362	60	60	4500.0
-2618.093693952	17148.186354816	1.0	24.527014	60	60	3300.0
20199.958023168	8314.90913088	1.0	38.719155	60	60	5300.0
-16490.651848704	20215.724766336003	1.0	1.91242	60	60	5900.0
9874.323233280002	-9412.169526144	1.0	2.209113	60	60	2600.0
1175.870412288	7092.345211776	1.0	1.382129	60	60	2000.0
-12912.06464064	9061.787978496	1.0	2.172503	60	60	3900.0
16730.753098752	22437.90857088	1.0	1.179547	60	60	5800.0
264.033804672	1480.826616192	1.0	2.108568	60	60	1200.0
5155.502926464	7063.388285184	1.0	0.976826	60	60	1700.0
-12680.312667264	-15617.54893248	1.0	0.619632	60	60	5000.0
-11691.298358784	-16031.084357376	1.0	0.652774	60	60	4700.0
-12486.092205312	9775.081426176	1.0	1.253953	60	60	3200.0
11760.654647808	-20200.2042528	1.0	2.03373	60	60	6300.0
-2590.82657856	-18140.012187263997	1.0	1.731161	60	60	4300.0
-2135.8875605760004	10091.406036096	1.0	0.209686	60	60	2100.0
5411.847285504	6437.020334976	1.0	1.449932	60	60	2500.0
-1015.433299584	-19911.916024704	1.0	0.663346	60	60	4300.0
-8791.41979584	20329.053161472	1.0	0.489299	60	60	4500.0
-2293.471306368	-7885.550635776	1.0	1.071376	60	60	2300.0
-5022.736874496	5528.214122112	1.0	2.018432	60	60	1900.0
12636.4886208	21011.711136768	1.0	1.508435	60	60	4800.0
-20292.511396608003	9257.77550016	1.0	1.350891	60	60	5800.0
-630.41223168	18535.662972288	1.0	1.67293	60	60	4200.0
-14041.666412928002	-15354.747885312	1.0	0.730172	60	60	4500.0
2886.620787072	-11265.29534592	1.0	1.883395	60	60	2800.0
447.066107136	14050.44216576	1.0	2.180779	60	60	2900.0
-4943.716474752	-21847.725111168	1.0	1.645475	60	60	5800.0
7184.227488768	-6032.601843840001	1.0	1.862911	60	60	2200.0
14243.36227776	20230.128395136	1.0	2.228404	60	60	7200.0
-15145.974125568	-9272.24350272	1.0	0.398911	60	60	4200.0
-13540.045153536	10325.042551296	1.0	0.671825	60	60	4500.0
-14163.136479360002	19503.64798272	1.0	0.373875	60	60	7200.0
2894.693256576	19760.508941184	1.0	0.220257	60	60	5900.0
13600.752827904002	-2891.712751488	1.0	1.236896	60	60	3200.0
-10971.392116608	-3005.25679872	1.0	0.933931	60	60	2900.0
15118.583090688	-8850.025666944	1.0	3.583717	60	60	4900.0
11106.322736256	-11891.779168896	1.0	0.469237	60	60	3600.0
-1459.726507008	-6247.708372224	1.0	1.969169	60	60	1700.0
-2380.2632282880004	-2126.9235144960003	1.0	36.455204	60	60	1200.0
3801.016251648	-9528.463942272	1.0	55.385613	60	60	2900.0
-9676.232299008	-10885.35336768	1.0	1.401643	60	60	4100.0
15261.98046912	7683.267360384	1.0	0.361489	60	60	4600.0
-12272.50328832	8742.601954943999	1.0	1.272554	60	60	3700.0
-13462.55684928	3882.310654464	1.0	25.304127	60	60	4200.0
-2652.437094912	17975.834959104	1.0	2.076261	60	60	3900.0
358.557015168	13779.67003776	1.0	1.172326	60	60	4000.0
19061.598200832	16729.769789568003	1.0	58.993003	60	60	7000.0
190.028120832	-14519.382476544002	1.0	1.52454	60	60	3600.0
23006.624990976	-12120.222331008	1.0	1.70494	60	60	7200.0
-18516.05794368	3953.575625472	1.0	1.153661	60	60	6100.0
-7274.497203072	16364.030272128	1.0	1.820543	60	60	5200.0
-2257.01644608	-20624.456299392	1.0	0.341384	60	60	4200.0
-2823.8386682880005	-12384.454084992	1.0	1.458908	60	60	3000.0
11203.614018432	7972.14299904	1.0	42.585517	60	60	4200.0
17397.990339840002	11614.955907456	1.0	1.763433	60	60	4600.0
16486.119936	5460.941933568	1.0	13.162885	60	60	4200.0
-19652.575067136	18761.65993152	1.0	1.699846	60	60	6200.0
-2199.5242410240003	9315.27736128	1.0	0.434932	60	60	3100.0
8525.73319488	17489.809852416	1.0	0.348709	60	60	4400.0
6600.8032738560005	-19104.294097152	1.0	1.27137	60	60	4300.0
-12903.79261248	13882.86922176	1.0	39.95811	60	60	4400.0
9098.159152896	-1518.924616704	1.0	46.601708	60	60	2100.0
7841.272754303999	18178.630005888	1.0	0.600793	60	60	5400.0
18694.255776768	12314.1772512	1.0	45.630647	60	60	7000.0
-10255.098851712	-4798.812750336	1.0	0.569664	60	60	3500.0
-9980.441767296	21918.293236224	1.0	1.429791	60	60	5800.0
7602.645663360001	-20325.892409856	1.0	0.79507	60	60	5100.0
-1031.82285888	15403.799081088	1.0	2.157079	60	60	3700.0
3572.3236412160004	18281.639287296	1.0	37.993525	60	60	5100.0
20922.437606400003	15237.975494016	1.0	41.34381	60	60	6900.0
-4682.516724864	-14554.891042560002	1.0	1.187003	60	60	3600.0
6205.578964992	11638.766151936	1.0	0.370778	60	60	2600.0
-5916.510205056	-20941.099559424	1.0	1.497516	60	60	4200.0
-21801.35669184	7385.685170688001	1.0	2.129336	60	60	5100.0
16046.427843072002	-9489.15088704	1.0	2.212066	60	60	3700.0
13248.209931264	-16116.933203712	1.0	45.650145	60	60	6500.0
-6181.495132032001	-13561.753594752	1.0	1.975992	60	60	4300.0
9482.264504064	-4400.437345920001	1.0	1.384246	60	60	3300.0
-20195.294144256	5847.07666752	1.0	1.921396	60	60	5000.0
7552.03984128	-23342.945700096	1.0	1.622763	60	60	6100.0
23400.204550272	1821.6164736	1.0	1.978874	60	60	7000.0
3173.574868992	21424.074959232	1.0	1.164813	60	60	4900.0
12783.384713088	-20532.42918144	1.0	0.89363	60	60	7200.0
-17274.721026816	-8793.708283008	1.0	0.66943	60	60	4000.0
-14808.53170368	-21582.601780608	1.0	1.336308	60	60	6000.0
-6715.815042816001	8648.785246464	1.0	0.333965	60	60	2700.0
571.714627968	-18886.841145216	1.0	28.013192	60	60	3800.0
-23954.372500608	11484.275565312	1.0	1.517583	60	60	5700.0
19536.336978048	-656.729834112	1.0	1.165174	60	60	3800.0
19582.476870528	15855.187886208	1.0	1.880187	60	60	5900.0
463.339793664	13976.576494848	1.0	2.137129	60	60	4300.0
-3740.149252224001	-18787.46576256	1.0	1.694738	60	60	4700.0
-3262.1708655360003	15931.890830592	1.0	0.390806	60	60	5000.0
-13463.110463616	-9225.305375616	1.0	53.201814	60	60	4900.0
-19348.151556096003	14160.110912640002	1.0	0.749574	60	60	6100.0
21500.653984128003	-11678.814677376	1.0	1.437726	60	60	5100.0
-6639.021975168	16118.363910528002	1.0	1.728913	60	60	4400.0
-18131.918796288	-20128.385667456	1.0	1.518232	60	60	7200.0
-8715.927078144001	-13828.325334912	1.0	6.584263	60	60	4600.0
-4004.294101632	-5704.772033664	1.0	2.029161	60	60	1400.0
23164.533824256003	359.765632512	1.0	43.731916	60	60	6000.0
6294.390613632	23010.540524928	1.0	58.870074	60	60	7200.0
-10780.028240256	-586.506108672	1.0	0.577992	60	60	2200.0
-3881.5059824640007	11401.383083904	1.0	2.125133	60	60	3200.0
5897.917453824	4920.40029888	1.0	1.123159	60	60	2200.0
-1254.768501888	12577.638129408	1.0	1.739948	60	60	2500.0
-4203.01107072	-14760.639235584002	1.0	1.268244	60	60	4100.0
-17305.342015104	-5987.863689984	1.0	1.120429	60	60	4100.0
14697.218207232	18351.956354688	1.0	0.821956	60	60	4700.0
1491.9664953600002	-11409.69373632	1.0	1.862678	60	60	2700.0
-3704.552172288	22269.00791808	1.0	51.250277	60	60	5500.0
-6021.357357312	1028.753839872	1.0	0.382576	60	60	1800.0
12804.8662368	20093.688210816003	1.0	1.898863	60	60	6200.0
-7326.32129856	-10266.155044992	1.0	0.989235	60	60	2700.0
5257.303590528	-8898.614980992	1.0	1.128457	60	60	3300.0
-11458.21545792	19872.068667264	1.0	1.006261	60	60	6900.0
-19024.03128384	-4245.697310976	1.0	0.827243	60	60	5500.0
-15551.770215168002	-10616.037696	1.0	0.93572	60	60	4700.0
21742.580230272	-19250.580248064	1.0	2.012559	60	60	5700.0
-15809.403658752	17674.026632064	1.0	1.050497	60	60	5800.0
9024.520399488	1616.821012224	1.0	1.99748	60	60	2000.0
-15751.707067008	8114.832266112	1.0	1.610057	60	60	5600.0
15790.257293184	-19730.011872384	1.0	0.901292	60	60	6700.0
17339.45045184	10443.672125568	1.0	15.379994	60	60	6200.0
11548.275957504	-13197.41742528	1.0	1.523211	60	60	3600.0
15986.849928192	8990.355635712	1.0	0.384	60	60	5500.0
12593.512698624	15967.961057664	1.0	1.071015	60	60	4100.0
-17171.22572352	-674.675629056	1.0	5.962421	60	60	4200.0
22331.126987136	23556.570022656	1.0	20.584825	60	60	7200.0
-7846.350234624	-16310.22668352	1.0	1.775001	60	60	5700.0
-15220.868167296	-5727.050182656	1.0	1.829273	60	60	4800.0
-6971.958233856	5792.779010304001	1.0	43.175783	60	60	2500.0
-3467.8595128320003	13087.824317568	1.0	29.564191	60	60	3300.0
-4577.857865856001	12468.259064448	1.0	0.437752	60	60	3500.0
-7955.552271744	-21540.969660672	1.0	1.191823	60	60	4800.0
22545.737837568	-21635.15169024	1.0	0.552397	60	60	7200.0
-6624.261072	12451.80835008	1.0	49.027178	60	60	3900.0
7386.319252224001	579.0017376000001	1.0	0.695262	60	60	2200.0
-15238.672339968	-8564.087081088	1.0	49.755247	60	60	5300.0
-17057.538444671998	-6457.335084288	1.0	0.908934	60	60	5000.0
19116.088979328	22620.670503552	1.0	2.147108	60	60	7200.0
-15468.536552832002	19429.898184576	1.0	0.225551	60	60	6200.0
-16081.228297728	-12193.968910464	1.0	59.587244	60	60	4300.0
14953.717063296002	-15322.094295552002	1.0	0.9431	60	60	4400.0
15004.322885376	719.415392256	1.0	1.297736	60	60	4500.0
17469.144266112	-20182.65435648	1.0	2.090038	60	60	7200.0
755.810706816	-7465.123999872001	1.0	19.38443	60	60	1700.0
14022.6568416	6146.751004416	1.0	1.357395	60	60	3200.0
23534.039206656	-20540.055862656	1.0	37.020534	60	60	6100.0
-951.032180736	-3659.344089984	1.0	19.89091	60	60	1200.0
20255.150475648003	16758.931102848	1.0	5.940182	60	60	6500.0
-22225.212839808	20828.8542528	1.0	32.492751	60	60	6700.0
17874.558941184	-9347.498037504	1.0	1.148729	60	60	4600.0
-20661.548459904	-7171.785650304	1.0	1.86566	60	60	4900.0
23152.050142848	16387.059984768	1.0	52.413742	60	60	7200.0
22289.348416896	14496.074347392	1.0	0.627174	60	60	5700.0
13419.98165376	4072.625238528	1.0	0.277088	60	60	3300.0
23365.951272576	22490.168798592	1.0	0.430183	60	60	7200.0
-2830.544804736	-16990.008761088	1.0	1.224627	60	60	5000.0
-22999.432832640003	-1822.805778816	1.0	0.237906	60	60	5000.0
11721.462293376	14325.577225344	1.0	1.294224	60	60	5300.0
-8763.426866304	-20624.152133376	1.0	1.198594	60	60	6500.0
-4510.904327424	20675.068558848	1.0	0.429487	60	60	4700.0
-4377.140482176	20667.746043648	1.0	1.079166	60	60	4100.0
-13696.222332672	11435.876153856	1.0	44.319585	60	60	5700.0
-14013.807058944	17758.7489376	1.0	12.819076	60	60	4400.0
-1006.445113344	16385.601919104	1.0	2.067275	60	60	4700.0
-7518.081073536	-14136.229857024002	1.0	1.194933	60	60	3800.0
16698.149398656	-22799.08559808	1.0	2.208208	60	60	5600.0
22138.456323456	10326.674426112	1.0	1.333077	60	60	4900.0
-3301.03813248	19879.061266944	1.0	1.262362	60	60	3900.0
-5804.971400448	-9303.527540736	1.0	0.907578	60	60	3100.0
9049.078988928	-20052.020685312	1.0	0.979233	60	60	5100.0
-18789.480661248	-151.827122304	1.0	35.510517	60	60	5700.0
-19919.315788416	-13061.144612736	1.0	23.591787	60	60	5500.0
-9707.4825408	10893.070172160002	1.0	1.665199	60	60	4500.0
-12530.500443648	-17171.359299072003	1.0	47.222348	60	60	4500.0
22289.546366208	1759.743634176	1.0	0.954032	60	60	4800.0
14612.243234688	15592.159921536	1.0	8.030871	60	60	4100.0
-3839.455433088001	-21359.125054080003	1.0	1.540664	60	60	4800.0
-11114.422564608	-22840.835200128	1.0	26.77948	60	60	6700.0
7610.335108992001	2199.24099648	1.0	0.966582	60	60	1800.0
404.57298816	13898.595731328	1.0	25.922013	60	60	3000.0
11984.665676544	20075.169489408003	1.0	1.293586	60	60	6500.0
-1806.767056512	-15556.511342592	1.0	0.829968	60	60	4200.0
-21065.030312832	-10603.217661696	1.0	2.126036	60	60	6100.0
10273.11867648	-15714.148196736	1.0	1.091099	60	60	4800.0
22983.714369792	7882.686003456	1.0	1.539386	60	60	5000.0
23917.745440512	10364.877033984	1.0	0.863524	60	60	5300.0
-21080.964427776	-4351.99609152	1.0	0.674587	60	60	4900.0
17348.443466112	-12085.013102976	1.0	1.661659	60	60	5400.0
6490.413540864001	-22123.070994816	1.0	1.798	60	60	5900.0
11086.374917376	-23489.012980224	1.0	1.308597	60	60	5800.0
9948.00704832	-14664.086642304	1.0	0.419255	60	60	4400.0
-10528.647098112	-8141.754981888001	1.0	1.679909	60	60	3600.0
-10262.81082816	-19967.971085568	1.0	15.826879	60	60	6300.0
-6617.88002304	2064.3940627200004	1.0	0.808613	60	60	1400.0
23261.191024896	-9175.872765312	1.0	2.044767	60	60	4900.0
-22896.141916032	-2950.535884032	1.0	1.738814	60	60	5700.0
-5460.925840128	8126.743021056	1.0	0.413404	60	60	2400.0
-14141.996136576	-8441.199182592	1.0	0.383466	60	60	5200.0
8411.886590976	-9557.46753984	1.0	1.44339	60	60	3100.0
6198.024704256	3892.452740352001	1.0	1.554935	60	60	2100.0
14117.706307584	1110.716120448	1.0	1.099286	60	60	2800.0
5174.229253248	1122.218102016	1.0	0.663116	60	60	1400.0
19400.646748032	-16472.908831104003	1.0	1.854849	60	60	5700.0
16810.673121792	22902.436060416003	1.0	10.828162	60	60	6000.0
16048.058108544	-10763.664430464	1.0	21.205285	60	60	4100.0
-7806.029730048001	23644.702528128	1.0	1.024691	60	60	7200.0
-15986.714743296	-17404.657852032	1.0	0.320359	60	60	4900.0
-17018.378277120002	-17212.986590976	1.0	2.097081	60	60	6400.0
12595.992697728	2975.377718016	1.0	1.854346	60	60	3200.0
-5747.496898176	-12006.193871232	1.0	1.015683	60	60	2700.0
6903.800906112	4266.131151744	1.0	13.887792	60	60	2300.0
-5258.953168128	-12347.672527872	1.0	0.600517	60	60	3600.0
10397.781681408	-14807.636908416	1.0	1.158362	60	60	5300.0
-247.72471257600003	-12611.305605888	1.0	0.828523	60	60	3100.0
6732.347833728	-145.326981888	1.0	0.851965	60	60	2100.0
7367.225995008001	-22174.473442176	1.0	16.92279	60	60	5200.0
7765.55955648	10268.570670336	1.0	1.301258	60	60	4100.0
6661.596243456001	22631.036288256	1.0	1.178501	60	60	7200.0
8880.855869952	16582.529297664	1.0	1.409748	60	60	3800.0
21874.18755456	19526.936799744	1.0	1.054678	60	60	7200.0
4656.26671488	22366.947765888	1.0	0.981499	60	60	6300.0
-2225.735626752	-4895.61640128	1.0	1.83149	60	60	1300.0
-21723.237524736	21542.426116992	1.0	1.397026	60	60	6200.0
-22417.68716352	-2357.975423232	1.0	2.069312	60	60	6100.0
-10193.29521408	-22830.015580416	1.0	1.222053	60	60	6400.0
-19006.45724736	16844.115290112	1.0	0.992384	60	60	7200.0
-23329.061889408	-978.350795136	1.0	1.556567	60	60	6200.0
-1687.397184	8765.971239168	1.0	1.880764	60	60	1900.0
14071.27512384	20854.701926784	1.0	0.611623	60	60	7200.0
-2623.888941696	6156.24774336	1.0	57.113344	60	60	2000.0
-6800.769093888	-23170.427241984	1.0	0.737067	60	60	5000.0
-7693.700737536	-21692.043609984	1.0	0.877384	60	60	6500.0
9017.86254336	5929.401050496001	1.0	1.331775	60	60	3000.0
-13847.268923136	-16119.588621312	1.0	0.649003	60	60	5800.0
-19395.41959872	-3125.906099712	1.0	54.133044	60	60	5800.0
-12168.389996928	-22918.415236992	1.0	0.628744	60	60	5300.0
14323.007102976	2628.309809664	1.0	1.253314	60	60	3100.0
-4411.11534336	17463.080257920003	1.0	1.086609	60	60	5300.0
-7317.296097408001	8927.209805184	1.0	0.388467	60	60	2500.0
9133.688640384002	-23325.358788864	1.0	0.683644	60	60	7200.0
-14226.253341696	2303.106448896	1.0	1.872007	60	60	3200.0
-15200.083489536	8153.240870016	1.0	11.476807	60	60	4500.0
6512.4422415359995	6047.77795776	1.0	0.608169	60	60	2500.0
-1246.93582464	15395.968013184	1.0	1.893716	60	60	4400.0
4315.418921088	-20586.75258816	1.0	2.064847	60	60	4400.0
20154.727410048	-2396.9827031040004	1.0	0.907153	60	60	4800.0
-14458.632959232	4848.573666816001	1.0	0.424424	60	60	3100.0
9407.932123392002	20538.0860256	1.0	0.530904	60	60	4600.0
-5253.637504896	17231.70487104	1.0	0.801806	60	60	5200.0
-2410.72489152	4013.773137792	1.0	0.974896	60	60	1200.0
-10451.211902208	13436.076703104	1.0	0.60718	60	60	3500.0
-21965.809117824	10860.02229312	1.0	0.903416	60	60	5200.0
16932.738645504	-4496.647148928	1.0	0.750319	60	60	4900.0
-15235.16879808	4385.562179328	1.0	0.834766	60	60	5000.0
-1143.183026304	-4074.323096448	1.0	0.263288	60	60	1200.0
-14030.093620224	20413.781904384	1.0	58.598403	60	60	7200.0
12191.120371584	7943.321257344	1.0	0.354821	60	60	2900.0
2803.6156515840003	7900.435458432	1.0	0.42275	60	60	2300.0
-16957.345515264	-15001.409972736	1.0	1.304379	60	60	6600.0
3158.656250112	14261.815016064002	1.0	0.503243	60	60	4200.0
14319.820601856	7456.423886207999	1.0	1.147738	60	60	4700.0
-14231.166668928	11379.024467712	1.0	2.233746	60	60	4400.0
18713.26695744	21922.352001792	1.0	1.070161	60	60	7200.0
11402.913570048	-18727.6142592	1.0	2.23929	60	60	7000.0
-5724.4800602880005	849.941237376	1.0	1.322249	60	60	1200.0
-14092.299593856	10027.362191616	1.0	0.606638	60	60	5100.0
-1607.538316032	-13631.613608448002	1.0	1.117051	60	60	4300.0
5858.124814080001	-16571.16571968	1.0	1.681441	60	60	4800.0
19475.051549184	-15270.033626496002	1.0	1.78405	60	60	7200.0
-19617.779440512	-16489.36276416	1.0	33.563048	60	60	6100.0
-5525.0775106559995	9756.190946304	1.0	1.612067	60	60	2400.0
16554.005284608	-23941.095412608003	1.0	3.007052	60	60	6900.0
574.344296064	13027.226078592	1.0	9.963055	60	60	3800.0
24070.018351104	17656.216022016	1.0	2.098261	60	60	7200.0
-12146.086098432	-11357.409368448	1.0	1.659461	60	60	5300.0
-13713.133319424	14915.305240704	1.0	1.065255	60	60	6100.0
5769.601238016	1229.80435776	1.0	0.646809	60	60	1500.0
-24055.840030464	2505.027621888	1.0	19.695533	60	60	7200.0
9364.771126656	256.547136384	1.0	0.69476	60	60	2200.0
412.61970816	-15856.591234176	1.0	0.322268	60	60	4900.0
-5538.2355072	-17418.195653759998	1.0	1.287609	60	60	4600.0
20813.042448	16817.190964992	1.0	2.164439	60	60	6400.0
-10118.446233984	-16151.155903872002	1.0	1.865196	60	60	3700.0
-2277.926652672	6445.670558976	1.0	0.677082	60	60	2100.0
-23218.015544064	-7626.30302016	1.0	0.50165	60	60	6800.0
11314.769799168	-7606.879847423999	1.0	0.659712	60	60	4300.0
9530.92945728	-15411.309889536	1.0	1.21838	60	60	4500.0
-120.461007744	10377.014706432	1.0	0.832022	60	60	2400.0
16677.348627456002	-10038.111000192	1.0	1.241512	60	60	4800.0
18817.414045056	-6520.952452608	1.0	0.373177	60	60	6000.0
4753.1492236799995	7845.7934016	1.0	19.618168	60	60	2600.0
20461.252724352	-22839.026297472003	1.0	0.488766	60	60	6300.0
-15139.987365888002	-8585.591135616	1.0	1.31816	60	60	3500.0
-295.205188608	-9772.979622912	1.0	2.241144	60	60	2400.0
3974.667687936	-12635.688776832	1.0	2.036414	60	60	2800.0
6356.002739328001	-19751.52719232	1.0	0.690395	60	60	4600.0
11366.159371776	12932.450201088	1.0	1.761832	60	60	4300.0
-17333.491051008	3803.464063872	1.0	2.206777	60	60	5500.0
4967.82766656	-14670.091104768	1.0	0.448473	60	60	3700.0
7413.480150912001	12740.796642816	1.0	2.09475	60	60	3500.0
-23025.966087168003	-6985.032544512	1.0	2.003643	60	60	5800.0
-8324.864532864001	6473.134014335999	1.0	1.911948	60	60	2600.0
-1416.637930752	-11455.466698368	1.0	1.636142	60	60	3300.0
-2839.916014848	-11810.705246208	1.0	0.31548	60	60	3600.0
-7067.364974208	12464.407904256	1.0	1.967143	60	60	2900.0
-14611.610762496	-6424.298470656	1.0	1.497699	60	60	3300.0
20798.012784384	-10358.018009856	1.0	1.950352	60	60	6800.0
-10368.81831744	10142.460865152	1.0	59.004514	60	60	4400.0
7292.013303168001	10822.149600768	1.0	55.871695	60	60	4100.0
-5065.833497472	12624.624536832	1.0	0.770486	60	60	2900.0
17026.582712831998	19355.881235328	1.0	1.311916	60	60	6100.0
1542.0106563840002	-2493.841071744	1.0	0.400912	60	60	1200.0
5783.465736576	-8179.022560896	1.0	1.621196	60	60	2100.0
-10856.452768128	73.12859136	1.0	1.939403	60	60	2800.0
-5910.7149573120005	6296.785317504	1.0	0.425312	60	60	2700.0
15240.075687936	3315.977672832	1.0	0.571327	60	60	4100.0
-23758.547522688	-14498.963119872	1.0	0.680933	60	60	6000.0
-4653.274944384	20498.679628416	1.0	0.721973	60	60	4900.0
17978.182992000002	-20886.344848512	1.0	0.918032	60	60	6300.0
4023.846021888	15068.262122496002	1.0	1.379082	60	60	3900.0
-4131.083049984	-6419.586311424	1.0	49.429736	60	60	1700.0
-18436.369666176	-444.8999301120001	1.0	30.439277	60	60	5200.0
21455.4925728	12420.179912448	1.0	46.331426	60	60	6700.0
3988.22802048	-15457.449782016	1.0	0.951216	60	60	3600.0
16286.992584192	-10745.353314432	1.0	0.292629	60	60	5800.0
-2497.569921792	-9974.588583168	1.0	0.763067	60	60	2900.0
-13467.120948864	-796.176273024	1.0	1.220462	60	60	3800.0
-6030.7752384000005	22763.35816128	1.0	1.39771	60	60	7000.0
-17471.894635008	-1925.781264	1.0	5.74404	60	60	4400.0
6586.174336896	-20138.080355712	1.0	57.472812	60	60	5500.0
13591.531286783998	-11141.900504064	1.0	0.974898	60	60	4600.0
19484.361604224	-8901.61157952	1.0	13.361149	60	60	5500.0
1847.230792704	-19639.903092480003	1.0	0.237706	60	60	5100.0
-21664.6268256	5269.534604928001	1.0	1.578663	60	60	5100.0
-16755.85403712	23796.941642496	1.0	0.988406	60	60	6800.0
16427.219554944	3247.70447232	1.0	1.651369	60	60	4200.0
-2997.398371968	-782.717329152	1.0	0.420766	60	60	1200.0
18666.40286016	15791.049090432	1.0	12.496874	60	60	5000.0
-1791.024453504	15475.189580928	1.0	1.064175	60	60	4600.0
20390.810128128	7598.562757632	1.0	0.83203	60	60	4300.0
18182.423229696	22711.796388864	1.0	0.399691	60	60	7200.0
12559.24815552	11523.596667264	1.0	55.818016	60	60	5100.0
16694.01499392	13173.378653952	1.0	0.367446	60	60	6300.0
-18172.681870464	17853.622985088	1.0	1.061784	60	60	7200.0
-3458.5575045120004	6091.172309376	1.0	0.511614	60	60	2200.0
-12359.040933888	-14267.409095808	1.0	1.485795	60	60	4400.0
15471.093800448	12177.041830272	1.0	0.869491	60	60	5400.0
-4316.540633856	-1641.239588736	1.0	0.403618	60	60	1300.0
-3385.588238208	-1382.846534784	1.0	50.871541	60	60	1200.0
2938.097264256	13790.204803584	1.0	0.955839	60	60	3600.0
19155.77218368	8653.779040895999	1.0	1.932325	60	60	6500.0
5790.9025152	14186.322298368	1.0	33.341079	60	60	3100.0
5233.435409664	-9085.894342272	1.0	1.812551	60	60	3200.0
922.04950464	4401.831037823999	1.0	0.549211	60	60	1400.0
11166.600715776	-11983.429700352	1.0	0.540085	60	60	5100.0
1462.7826512640002	9199.35631296	1.0	1.844281	60	60	1800.0
-21165.595000704	-7785.571749119999	1.0	13.515528	60	60	6000.0
-7450.697840256	14711.892205824	1.0	1.787052	60	60	5100.0
13508.102893824002	19696.167368064	1.0	1.114108	60	60	6900.0
-21897.617993856	20315.640888576003	1.0	1.923143	60	60	7200.0
-18491.356122624	-1783.259368704	1.0	0.871235	60	60	5500.0
14363.810410752	9110.386948608	1.0	0.811557	60	60	4600.0
799.403007744	2880.23491008	1.0	0.613312	60	60	1200.0
-10968.575764608	13170.1873248	1.0	10.293123	60	60	4300.0
13475.232042624	-13611.82350528	1.0	1.706968	60	60	4700.0
9608.276139264	220.409316864	1.0	24.894063	60	60	2600.0
20233.536985728	-21631.652976384	1.0	0.656788	60	60	7200.0
23588.913009024	-8356.521938688	1.0	1.086089	60	60	5400.0
-1244.154878208	9374.884244352	1.0	1.514788	60	60	2400.0
-18480.777904512	-8536.557642624	1.0	0.334742	60	60	5800.0
-7157.2935075840005	3850.241256576	1.0	16.458535	60	60	2500.0
-4633.761648384	20732.327409024	1.0	1.330082	60	60	5600.0
8327.040365952	11657.609960832	1.0	1.019734	60	60	4000.0
10885.990667904	-15600.254921856002	1.0	0.874502	60	60	4700.0
501.798287232	-12985.725924864	1.0	1.49819	60	60	4000.0
21280.550442624	-22228.164376704	1.0	0.768966	60	60	6400.0
10735.665063552	22514.334708096	1.0	1.224738	60	60	7200.0
22063.267771776	-598.5037681919999	1.0	59.901314	60	60	7000.0
-5271.034513536	10136.886097536	1.0	1.925835	60	60	2700.0
582.72736896	-19897.027983360003	1.0	0.753485	60	60	6400.0
6952.451375232	-9625.101830784	1.0	0.248922	60	60	2800.0
11131.504141824	23903.399748096	1.0	1.599322	60	60	7200.0
-9680.814101376	-9739.78207488	1.0	2.034056	60	60	3000.0
11942.964354816	11127.717355392	1.0	44.050204	60	60	4000.0
22632.708396672	21640.673349504003	1.0	0.645807	60	60	6500.0
-12347.24122368	-20888.69770944	1.0	0.274858	60	60	5600.0
15003.814332672002	-6210.6982882560005	1.0	27.35575	60	60	4200.0
11533.112718336	1169.642251008	1.0	1.677607	60	60	2300.0
717.173576064	-11587.096553472	1.0	0.788674	60	60	3700.0
-6271.980498432001	17281.607409792003	1.0	0.343596	60	60	5300.0
-20578.486997376003	11898.646239744	1.0	14.146047	60	60	6600.0
-5262.842952576	-6534.512785152	1.0	1.173729	60	60	2100.0
20013.692548608	22002.450662016003	1.0	20.705808	60	60	5900.0
-5499.768966912	1582.712575488	1.0	58.429896	60	60	1400.0
3412.942258176	21614.674397184	1.0	0.970711	60	60	5600.0
-12560.810828544	3272.2791552000003	1.0	0.616443	60	60	4100.0
20725.983374976	-21110.000212224	1.0	1.000768	60	60	7100.0
18516.457060992	10477.745156736	1.0	2.080501	60	60	4100.0
-16556.203648512	-5324.149302912	1.0	9.616517	60	60	3500.0
3890.882020608	22014.955264896	1.0	1.363377	60	60	7100.0
13437.977338368	5301.34811712	1.0	1.772561	60	60	4500.0
9944.212215168	14259.875756544	1.0	1.026116	60	60	3900.0
12094.345688832	-8320.113749376	1.0	47.55663	60	60	3700.0
-14407.368915456002	19301.36953536	1.0	1.306338	60	60	7000.0
5805.811478016	-13607.262624384	1.0	59.119064	60	60	4400.0
2434.168205568	-20917.93948992	1.0	1.74296	60	60	6400.0
-14202.658749312	-6966.896846976	1.0	2.133616	60	60	3100.0
1564.847247744	-11458.76263488	1.0	1.050649	60	60	2700.0
8362.099924992	1859.337887616	1.0	1.863613	60	60	2500.0
23910.851010816	-14553.424930176	1.0	1.808496	60	60	5600.0
23301.199316736	5049.455203584001	1.0	2.246443	60	60	4900.0
-7998.346338048	-13238.43155712	1.0	1.216774	60	60	3200.0
-16872.727817088	-22225.193527680003	1.0	0.835003	60	60	6800.0
-17403.54257664	-11587.371751296	1.0	2.107376	60	60	4100.0
-834.190587648	4265.851125888	1.0	54.501388	60	60	1200.0
-18122.19513984	-1678.331749248	1.0	1.075077	60	60	4500.0
20503.398225024	-8994.219670656	1.0	2.24582	60	60	6700.0
6722.96213952	18342.79596864	1.0	2.081247	60	60	4500.0
19303.181656704	23164.445310336003	1.0	1.12953	60	60	7200.0
3368.2716967680003	-7589.672741376	1.0	1.714671	60	60	2500.0
373.977749376	17934.441022080002	1.0	0.880468	60	60	5300.0
-20675.284210944	-4059.616910976	1.0	1.056622	60	60	4400.0
1115.8386624	-15944.014018944	1.0	19.091734	60	60	4800.0
19521.856100736	-4670.916573312	1.0	2.149047	60	60	6400.0
-7392.383260416001	18969.92513856	1.0	2.602577	60	60	5900.0
11436.067665792	11604.248941824	1.0	19.939865	60	60	4300.0
2626.29652032	12240.776680704	1.0	2.13904	60	60	3700.0
-13863.904712064	7117.125890688	1.0	0.716106	60	60	3400.0
-11634.200443008	9349.094506752	1.0	1.065093	60	60	3100.0
7904.756547071999	13650.259468032	1.0	2.08069	60	60	3900.0
21947.55754752	-22010.2334496	1.0	0.775062	60	60	7200.0
9265.827048192	-23774.101832448	1.0	0.39351	60	60	7200.0
24128.880107904	-10679.238244224	1.0	2.170786	60	60	7200.0
-3175.676672256	-4467.954154752	1.0	27.43355	60	60	1400.0
1119.702697344	-7183.189461888001	1.0	0.799792	60	60	1900.0
18145.374521472	1784.6047802880005	1.0	0.693217	60	60	3500.0
-14311.3731552	4706.906333184	1.0	1.575063	60	60	3200.0
-4911.199679232	-8138.639291904	1.0	1.536398	60	60	3000.0
-24105.819817728	6737.652231552	1.0	0.748634	60	60	5100.0
15783.6010464	6020.562341376	1.0	19.023256	60	60	5100.0
2180.915396352	-23582.356541568	1.0	1.105245	60	60	5900.0
1800.0673574399998	13881.852116352	1.0	0.312678	60	60	3500.0
15054.732367488004	-10661.68673856	1.0	1.874176	60	60	5800.0
17795.580384384	15051.661739136	1.0	0.990665	60	60	7200.0
960.350282496	4169.041037568	1.0	0.993504	60	60	1200.0
-18488.090763648	-15735.528331776	1.0	0.36988	60	60	5800.0
12188.131819776	13441.187979648	1.0	0.508065	60	60	3800.0
3604.362461568001	-18151.250236416	1.0	1.733118	60	60	4600.0
8449.344072576001	7444.997543808001	1.0	0.200094	60	60	3500.0
-6768.622447488001	-19627.338943872	1.0	1.366112	60	60	6200.0
6019.810777728	22130.948733696	1.0	5.267503	60	60	4500.0
1001.580066432	-6809.194009727999	1.0	2.046395	60	60	1400.0
16583.932645632	-10164.306100608	1.0	2.188969	60	60	6000.0
-9773.303101056	8379.8944416	1.0	21.414135	60	60	2600.0
19393.068347136	14597.229664512	1.0	0.498045	60	60	7000.0
15193.121467392002	20901.030112512	1.0	1.553957	60	60	5200.0
-6149.913365376	12720.47223744	1.0	0.599681	60	60	3900.0
12457.313915904	15843.027682944	1.0	1.729473	60	60	4300.0
-8076.348023040001	11303.486688384	1.0	0.468172	60	60	4100.0
-7238.402835839999	11463.910926336	1.0	2.262021	60	60	3600.0
14936.255680896	13152.785488128002	1.0	0.537879	60	60	3900.0
18022.652385408	-7844.64272064	1.0	0.253431	60	60	6300.0
-20967.552346752	-4423.737428352	1.0	38.484335	60	60	4400.0
12793.473690624	15875.423777664	1.0	0.442469	60	60	4800.0
-851.745312	-13880.017464192002	1.0	1.816132	60	60	2800.0
14792.150191104	-15889.66486272	1.0	0.586055	60	60	5000.0
5336.357786496001	17175.710965248	1.0	0.306033	60	60	5300.0
-11640.093860736	7136.6762016	1.0	41.042333	60	60	3300.0
1128.201643008	10712.529134208	1.0	2.060889	60	60	2300.0
-22290.867637632	10390.568601600002	1.0	15.338845	60	60	6700.0
4470.292531584	1463.281547904	1.0	1.298129	60	60	1500.0
13498.491891456002	-11652.63225984	1.0	1.73016	60	60	4800.0
-12058.796889216	16578.356268672	1.0	0.544358	60	60	5500.0
-14934.300327936002	21298.641078528	1.0	0.633759	60	60	7200.0
13554.662825088002	-12377.852555904	1.0	1.960778	60	60	4200.0
-4634.466541056	23191.855657344	1.0	1.990079	60	60	5400.0
-22679.199126144	17370.523665792	1.0	55.879762	60	60	6000.0
-16763.950646784	3795.232269312	1.0	1.387426	60	60	4400.0
-7436.147761152	-833.363384832	1.0	9.200475	60	60	1500.0
-15662.322491904	-21346.063618176	1.0	1.170552	60	60	7200.0
14789.800548864	6850.204922880001	1.0	0.369002	60	60	5000.0
-8129.010586752001	9630.071485056	1.0	1.55043	60	60	3700.0
-4022.77258944	-3561.2320423680003	1.0	1.363128	60	60	1700.0
12835.030171392	18341.558383104	1.0	26.144035	60	60	6100.0
20830.614875136	-5674.963764096	1.0	0.249863	60	60	5900.0
23947.774190208	15626.59344576	1.0	1.016766	60	60	6200.0
14223.810357504002	-8718.094864512	1.0	1.669408	60	60	4400.0
5206.668800256	-18318.547982592	1.0	0.899904	60	60	4200.0
8382.810572928	-17171.026164864	1.0	1.061462	60	60	4800.0
-16043.716098432002	13185.477702144	1.0	33.793984	60	60	4700.0
-17475.905120256	-7859.833318655999	1.0	0.717442	60	60	5200.0
10964.716557696	19364.034172032003	1.0	0.240978	60	60	6200.0
3573.268326144	-15318.946418688	1.0	0.53419	60	60	3000.0
19923.475942656	-6392.806827264	1.0	1.072109	60	60	5100.0
-23933.808302976	22383.618960384	1.0	0.828188	60	60	7200.0
-12381.475189248	-3503.335891968	1.0	1.239869	60	60	3800.0
6033.17316096	22113.733580928	1.0	47.758362	60	60	6000.0
13328.165359872002	4599.035223552	1.0	0.926597	60	60	3900.0
17919.81208512	16497.831132288	1.0	1.58453	60	60	7200.0
23105.676895488	6241.451242752	1.0	1.552639	60	60	7200.0
-9562.071873024	20641.241757312	1.0	11.448296	60	60	4600.0
10785.387355776002	16103.395401984	1.0	0.283265	60	60	4900.0
-6436.350847872	-10916.26886592	1.0	4.300525	60	60	2500.0
16418.099402496002	9995.456946816	1.0	12.461696	60	60	4700.0
13187.288214144	18890.784038016	1.0	1.804792	60	60	5200.0
-22375.515913344003	-5102.1837504000005	1.0	1.777526	60	60	6900.0
510.023644416	-22362.7602528	1.0	1.199385	60	60	6100.0
-20969.66380608	4948.924311936	1.0	1.668856	60	60	4900.0
2234.8638259199997	21082.565725056	1.0	2.160301	60	60	6000.0
20119.780505088	-7455.102614784001	1.0	1.253862	60	60	4100.0
-5018.703858432001	-5901.47249472	1.0	0.861735	60	60	1900.0
10328.283770112	-1531.195864704	1.0	1.021207	60	60	2100.0
-22944.557420928	6949.898955648	1.0	53.484624	60	60	6700.0
6245.732097792	16532.443293696	1.0	0.949498	60	60	4400.0
1398.461999616	-23825.821320576	1.0	54.350436	60	60	6100.0
12199.403665152002	7543.650331008001	1.0	1.870075	60	60	3300.0
23485.33401984	11087.256837888	1.0	0.321423	60	60	6200.0
-15188.760145152	10100.223631872	1.0	1.164498	60	60	3900.0
-2076.356316672	-23621.416929792	1.0	0.873342	60	60	7000.0
-6294.162086784	-1319.856810624	1.0	44.454314	60	60	1900.0
-23201.363661696	19309.85882496	1.0	1.849683	60	60	7200.0
22489.220894976	-16577.706093696	1.0	59.63118	60	60	6000.0
-5199.899899392	-15054.758116992	1.0	2.038303	60	60	4000.0
5492.581636608001	-17136.94669632	1.0	20.421927	60	60	3500.0
-9875.679910272	9153.761988096	1.0	0.627444	60	60	3200.0
18974.370146688	5615.29894464	1.0	1.276527	60	60	4900.0
-17295.224069376	-10944.37605888	1.0	1.093525	60	60	5000.0
21821.169325824	-5993.127854208	1.0	1.668487	60	60	5900.0
2270.002242816	-4853.0251123200005	1.0	1.016916	60	60	1400.0
-21097.193052672	-18890.666555904	1.0	1.992355	60	60	6500.0
4694.425870464	18917.325339264	1.0	0.425626	60	60	4900.0
17671.744582272	-12217.961010816	1.0	1.575339	60	60	5500.0
12440.718360576	-6698.1669765120005	1.0	0.676821	60	60	4000.0
-5020.277796864	23295.72915648	1.0	0.647893	60	60	5800.0
-14837.952121343998	-13744.124456832	1.0	0.958454	60	60	6200.0
-14004.059262336	-13396.593057408	1.0	2.035966	60	60	6200.0
9123.787956096	-12768.07663296	1.0	1.355819	60	60	4900.0
-16554.967672320003	2745.119215872	1.0	8.453329	60	60	4600.0
18727.768756224003	19766.206018944	1.0	1.355429	60	60	6900.0
21836.546607744	-299.24947008	1.0	1.487023	60	60	5600.0
23209.801452288	36.699480576000006	1.0	1.128114	60	60	6900.0
-10120.25513664	-5662.834138368	1.0	0.332568	60	60	3400.0
-12245.036614272	-4831.4180597760005	1.0	1.249993	60	60	3800.0
-18748.852771968	2921.66747136	1.0	0.501333	60	60	3900.0
17208.9970272	8092.391573376	1.0	0.439668	60	60	4400.0
288.014639616	-3269.2568071680003	1.0	0.264683	60	60	1200.0
-11840.745261312	-15986.999597184002	1.0	2.746745	60	60	3900.0
-3855.64221504	-21182.420692224	1.0	3.171624	60	60	5900.0
23041.502694144	-12154.03947648	1.0	38.221457	60	60	6300.0
-7815.568311936	7259.559272064001	1.0	1.025362	60	60	3300.0
342.249532416	6033.338923392001	1.0	1.859287	60	60	1900.0
11871.079786368	-21983.074160256	1.0	1.786865	60	60	7200.0
-21321.714243456	3514.559457024	1.0	0.41579	60	60	4300.0
-6304.912504704001	-20170.94637888	1.0	40.914897	60	60	5600.0
-5107.465617408	-14887.383122304	1.0	0.848577	60	60	3800.0
-15746.433246720002	-3340.058287104001	1.0	9.929512	60	60	5100.0
-17403.774322176	3353.497918848	1.0	0.69055	60	60	5300.0
-19595.789364096	14671.586185344	1.0	1.415301	60	60	6900.0
-15290.75553984	2875.03672896	1.0	1.32196	60	60	3900.0
-293.77770048	2183.044558464	1.0	0.55802	60	60	1200.0
-7866.341505792	-23955.056471808	1.0	0.432757	60	60	7200.0
3094.6478112	-1400.921077248	1.0	1.816996	60	60	1200.0
21951.43606656	-20804.509706112	1.0	8.367249	60	60	6900.0
13374.430781184	-5294.35551744	1.0	0.507595	60	60	4200.0
14380.806692736	-22611.333089664	1.0	37.526467	60	60	7000.0
-12171.740651136	4415.804971776	1.0	0.90236	60	60	3000.0
-849.6274152960001	14077.620767232	1.0	1.205961	60	60	3600.0
19538.865257472	1718.644207104	1.0	0.580726	60	60	6100.0
8928.428078592	7937.991110016	1.0	1.332352	60	60	2600.0
-454.010426496	3284.690416128	1.0	2.137464	60	60	1200.0
9059.707096704	-748.641079296	1.0	1.886555	60	60	2800.0
13216.31112384	-3375.7068660480004	1.0	1.310629	60	60	4000.0
-4925.049693696	17090.258017536	1.0	55.965335	60	60	5100.0
-10688.866949376	-2798.530124544	1.0	0.862043	60	60	2500.0
3906.589218048001	543.3080970240001	1.0	1.43725	60	60	1200.0
10517.177303424	11883.288269952	1.0	13.516009	60	60	4500.0
-16028.64781056	-13758.502336128	1.0	1.079961	60	60	5800.0
-19111.66811136	-13098.21746112	1.0	42.926854	60	60	6500.0
-4266.324273024001	-10303.51918464	1.0	1.887956	60	60	3000.0
4677.757894656	-13613.185010304	1.0	0.834219	60	60	3400.0
10721.340292608	-6744.791281536	1.0	1.439262	60	60	2500.0
15472.45047744	-22907.524806144	1.0	0.799869	60	60	6100.0
-23594.191657344	18259.924408704	1.0	1.147623	60	60	6700.0
19479.271249152003	18184.04222976	1.0	2.019576	60	60	6600.0
-12734.00682048	1389.029634432	1.0	1.652844	60	60	4000.0
16982.300003328	20909.786553216	1.0	0.581992	60	60	5400.0
18229.115127168003	-9975.066558336	1.0	1.939419	60	60	5600.0
15094.85009472	21869.113292928	1.0	1.106103	60	60	6600.0
6529.472319744	18708.054292224	1.0	0.629624	60	60	6000.0
-20912.084696448	-16366.873982976002	1.0	0.637451	60	60	6300.0
-20906.905827456	-5451.4130077439995	1.0	8.647119	60	60	4800.0
19513.019192832	-75.661698816	1.0	12.58089	60	60	5300.0
-3735.591590016	-14914.350899712	1.0	2.084774	60	60	4200.0
13104.94451904	-10576.771311744	1.0	25.140674	60	60	4200.0
22860.834518016	-12998.085686784	1.0	55.450215	60	60	7200.0
-21076.205597568	-15444.795510144002	1.0	1.43847	60	60	7200.0
-9585.082273536	21709.353714048	1.0	59.014501	60	60	7200.0
21237.268745088	7057.108624896	1.0	0.924573	60	60	6300.0
-15323.092088832002	604.532370816	1.0	1.023914	60	60	4000.0
-4107.39994368	-19499.267348352	1.0	1.502768	60	60	5400.0
-16293.970699776	8437.658625792	1.0	1.070516	60	60	5500.0
15068.550195072	-10350.457311744	1.0	2.042307	60	60	5300.0
-3031.637165568	-17784.40992768	1.0	0.427237	60	60	4600.0
5752.440802944	-14504.996550528002	1.0	1.564603	60	60	4100.0
-20492.449857792	-26.480146176	1.0	1.403187	60	60	5300.0
18552.778345728	-590.474750976	1.0	0.732983	60	60	5800.0
834.2034624	-19504.542777984	1.0	0.464688	60	60	4400.0
23296.413127680004	-18705.505091328	1.0	23.998265	60	60	6900.0
4544.24027904	-10041.4214208	1.0	0.482651	60	60	2600.0
13183.766969472	-14841.544177152002	1.0	1.483672	60	60	4200.0
-3290.03826624	1435.14860544	1.0	2.155215	60	60	1200.0
2500.170621696	-23961.517987968	1.0	0.734471	60	60	6100.0
-18153.807484032	-11551.134152448	1.0	1.719364	60	60	5700.0
-14332.795133184	-18005.977972224	1.0	1.571442	60	60	7200.0
-13358.097548928	-5234.27870592	1.0	1.819287	60	60	3400.0
-22376.903167872	17496.779921280002	1.0	0.283725	60	60	7200.0
15954.033794688	12120.407405568	1.0	1.354085	60	60	5200.0
-20988.0183744	21638.437970688	1.0	35.48297	60	60	7200.0
21517.72590528	-15221.354189184	1.0	1.215986	60	60	5300.0
22039.018176384	-15628.896417024	1.0	1.265003	60	60	7200.0
-7147.389604608001	-8659.072173312	1.0	0.380857	60	60	3300.0
1785.522106368	-10336.288647168	1.0	1.216134	60	60	2100.0
11219.287419648	20754.608776704	1.0	0.522448	60	60	6200.0
-721.489836672	4532.920153344	1.0	2.246711	60	60	1200.0
-11907.737424	14570.09129664	1.0	0.85206	60	60	4200.0
17732.980121472	-13319.259250176	1.0	0.762278	60	60	7100.0
-17838.408246912	7547.435508096	1.0	2.154417	60	60	4700.0
15512.590735488002	15011.431357824002	1.0	0.47935	60	60	5100.0
-8301.67227648	18185.133364992	1.0	2.13438	60	60	4200.0
-21418.862294016	21506.360717952	1.0	1.620343	60	60	7200.0
-2596.4238769920003	-11711.077196544	1.0	0.6641	60	60	2300.0
1154.644774272	-17662.680756864	1.0	0.338376	60	60	3700.0
17343.403000704	-13485.502876032	1.0	0.588692	60	60	7000.0
-9435.405234816	-9183.774644352	1.0	2.19414	60	60	2700.0
13820.600483712002	-14559.773792256	1.0	1.858629	60	60	5100.0
-4801.770724608	-11998.758701952	1.0	41.679934	60	60	2900.0
4755.529443456	12850.154786304	1.0	1.349252	60	60	3600.0
9687.909699072	19297.848290688	1.0	0.412989	60	60	6100.0
-7701.676646399999	-9255.7799136	1.0	0.847241	60	60	3700.0
21283.991220096	22746.019089024	1.0	15.305635	60	60	7200.0
11483.625390336	18435.479698944	1.0	1.528097	60	60	6900.0
7503.53421312	-18718.458701184	1.0	10.347206	60	60	4100.0
23531.889123072	1920.795516288	1.0	0.215998	60	60	5400.0
14008.328851968	2687.5545903360003	1.0	34.886893	60	60	4300.0
-17534.818376064	9294.837083136	1.0	0.505389	60	60	5300.0
8508.925206144	23317.426332288003	1.0	0.651079	60	60	6200.0
-20867.14859328	-20808.288445824	1.0	1.517629	60	60	7200.0
21699.860193792	15416.770393728	1.0	1.852003	60	60	6100.0
-19687.41897408	-14666.513533056	1.0	1.689863	60	60	6600.0
8118.442024704	-16012.84405248	1.0	1.444521	60	60	4200.0
3481.8946018560005	2249.431607808	1.0	32.051741	60	60	1200.0
-7740.154452096001	1406.77587072	1.0	7.124831	60	60	1600.0
-11728.305224064	-10967.730859008	1.0	0.440422	60	60	3500.0
17919.49826304	15060.26529216	1.0	0.477837	60	60	6400.0
-23514.154152192	-11739.385557504	1.0	1.617386	60	60	6400.0
-10602.422645760002	7297.365981312001	1.0	1.699569	60	60	2800.0
22901.652309888	-10609.006472064	1.0	48.353236	60	60	5500.0
18914.9419008	-8101.759564800001	1.0	1.558011	60	60	5900.0
-10981.260614016	-1450.0752710400002	1.0	1.557529	60	60	3300.0
-12512.208639744002	15215.724703872002	1.0	49.44395	60	60	5600.0
2433.374798976	-5009.306898816	1.0	44.367172	60	60	1200.0
17210.287721088	-10492.113379968	1.0	2.089556	60	60	6300.0
-1597.318981632	-2483.327227392	1.0	1.254388	60	60	1200.0
-18799.27834752	23150.286301824	1.0	39.205335	60	60	7200.0
-1077.626398464	4999.35471552	1.0	2.064806	60	60	1600.0
16114.37756544	12541.77067968	1.0	0.823103	60	60	5800.0
22710.747096576	-5364.65166336	1.0	0.254111	60	60	5600.0
14767.6624128	-15490.661814144	1.0	1.020219	60	60	5100.0
3566.3980366080004	13355.324649216	1.0	0.222763	60	60	2900.0
7693.848797184	-11482.537473792	1.0	0.347825	60	60	4300.0
-20176.588738944	11461.271602176	1.0	1.889892	60	60	5100.0
3592.5015962879997	-11466.027213696	1.0	0.55349	60	60	2300.0
18207.427607424	-10024.436404224	1.0	0.468711	60	60	4500.0
699.868300032	17648.322189696	1.0	0.607181	60	60	3800.0
-13511.678856192	-8735.369563008	1.0	1.653936	60	60	4000.0
-5519.686208256	-20204.382109824	1.0	0.744793	60	60	6500.0
-12760.910224128	-2491.3337137920003	1.0	39.864776	60	60	3200.0
202.907700864	12170.47892544	1.0	2.084892	60	60	2400.0
16365.613866624002	-1546.04045376	1.0	1.047208	60	60	3900.0
11872.381745664	8486.05481856	1.0	0.91792	60	60	4600.0
-6170.84449344	13011.155169408	1.0	0.508467	60	60	4300.0
-8222.907762432	11649.460242816	1.0	0.978064	60	60	3600.0
20658.600141696	7871.843852928	1.0	1.101929	60	60	6500.0
21499.168559616	19111.011499008	1.0	2.099953	60	60	7200.0
-9879.08689152	-1048.011250176	1.0	7.991637	60	60	2900.0
-18680.392887552	23532.048448128	1.0	0.656324	60	60	6700.0
23205.834419328003	22791.503978496003	1.0	1.982732	60	60	7200.0
14711.832660096	-5212.467266688001	1.0	2.017922	60	60	3900.0
-11857.625670528	1329.628747392	1.0	56.292063	60	60	3800.0
12332.012001408	2369.7188064	1.0	41.733917	60	60	3900.0
-2031.046845696	8153.770344192001	1.0	1.625689	60	60	2200.0
-15218.788894848	-15294.601872	1.0	0.350502	60	60	4300.0
13301.681995008	6881.014204416	1.0	1.35886	60	60	4100.0
-5249.126513664	18980.78016384	1.0	1.229061	60	60	5000.0
-18760.325785344	21477.960624384003	1.0	16.552777	60	60	6700.0
-11718.184059648	13251.914641152	1.0	1.158459	60	60	4700.0
-11936.646070272	-16174.924305408002	1.0	1.957669	60	60	4600.0
-20553.918751872003	-7966.407297024	1.0	1.4214	60	60	4800.0
-17331.456840192	127.078630272	1.0	2.226745	60	60	4400.0
-11695.297578624	-22929.939749376	1.0	1.397761	60	60	5600.0
-3596.6569224960003	-13166.051310720002	1.0	0.861379	60	60	3600.0
12481.409014272002	15152.186193408	1.0	18.380584	60	60	6100.0
3803.629826304	5095.413240192	1.0	1.808044	60	60	2000.0
14818.86369216	15042.414448512	1.0	5.6043	60	60	4300.0
13686.353835264	-600.739147008	1.0	1.690309	60	60	2900.0
19684.283971968	-23953.799574144	1.0	1.910046	60	60	6200.0
-6533.693629056	-11713.629616128	1.0	0.212825	60	60	3000.0
4096.419389568	22314.043800576	1.0	2.086172	60	60	6700.0
6271.8276107520005	22265.473798656003	1.0	1.394825	60	60	7100.0
9655.392903552	9055.516364928	1.0	0.605661	60	60	4000.0
17370.176047488	-22084.184415744003	1.0	6.256995	60	60	7200.0
-21914.572432896	-2889.953738496	1.0	39.085461	60	60	6500.0
-22662.024206976	-15740.924462208002	1.0	1.360372	60	60	7000.0
-11348.990889984	-3764.675654784	1.0	0.513055	60	60	2600.0
-5232.981574656001	-24074.133443712	1.0	0.285928	60	60	7200.0
13623.093741312	-14764.253822208	1.0	1.217786	60	60	5400.0
-19549.64303424	22217.809857408003	1.0	1.152816	60	60	7200.0
1523.459748096	-12437.7346368	1.0	23.183774	60	60	3800.0
-2499.411011328	14448.262346496	1.0	1.983884	60	60	3700.0
-14518.135234944	16682.24264256	1.0	1.071272	60	60	6700.0
14827.78750464	1278.796007808	1.0	0.737736	60	60	4200.0
-4367.222095104	23084.171231616	1.0	0.32274	60	60	6700.0
20890.863886464	267.294335616	1.0	0.510506	60	60	4700.0
6741.682028927999	21261.886880256003	1.0	3.182707	60	60	6000.0
14535.599836032	740.2982400000001	1.0	1.215483	60	60	3200.0
1705.450804992	17891.408772864	1.0	2.00084	60	60	3600.0
-9458.414025984	-18003.744202752	1.0	0.266718	60	60	4200.0
20252.963377152	-18813.868660224	1.0	1.416428	60	60	5500.0
22700.933316864	579.8482525439999	1.0	0.253432	60	60	6300.0
8177.773709952	19320.562571904	1.0	1.785791	60	60	4900.0
-12770.12049984	-6537.961609344001	1.0	1.288478	60	60	3000.0
-14562.69636096	-3419.2798548480005	1.0	1.283011	60	60	4700.0
-13075.945749504	-23973.64922304	1.0	0.235698	60	60	7200.0
18177.104347776	6573.019559040001	1.0	0.709996	60	60	3900.0
-22287.393063936	7656.603748992	1.0	1.804862	60	60	5000.0
17811.866945664002	18203.92567488	1.0	7.801994	60	60	5300.0
5614.120904832	-18035.617260672003	1.0	0.909752	60	60	4500.0
4841.556926976	17660.9812896	1.0	2.192537	60	60	3900.0
-18155.030585472	18562.48751808	1.0	19.607668	60	60	7200.0
-4752.252819072	10062.420141312	1.0	1.007224	60	60	2500.0
7973.179416575999	-2639.293582464	1.0	0.203501	60	60	2600.0
16997.178388608	-12934.989745920002	1.0	1.988787	60	60	4400.0
20471.039145216	-5755.590289152	1.0	0.329216	60	60	4400.0
4645.477672704001	8418.763317888	1.0	2.185881	60	60	2000.0
23981.346715392	-5853.209877504	1.0	0.321767	60	60	6200.0
-6324.795949824	-16264.040120064	1.0	1.082626	60	60	3900.0
20689.58966976	978.073987968	1.0	0.996421	60	60	4100.0
13396.72663296	-16810.27400448	1.0	0.744334	60	60	6700.0
1301.167498752	-9600.887640960002	1.0	1.212979	60	60	2400.0
15802.765114752	22308.26786496	1.0	43.463873	60	60	7200.0
-7293.126969216	17061.400870272002	1.0	0.696864	60	60	3900.0
-8428.440303360001	-4152.006131328	1.0	1.106185	60	60	2500.0
23634.990137088	12045.651767424	1.0	0.51125	60	60	7200.0
20069.747609472	-13315.742833535998	1.0	2.183244	60	60	6400.0
4050.001080576	20427.585247872	1.0	0.866879	60	60	5800.0
-22172.024020608	-4875.871359744	1.0	33.244347	60	60	4900.0
23848.3054656	22693.382274816	1.0	1.597311	60	60	7200.0
-7758.911356416	14835.636275328	1.0	1.600957	60	60	5300.0
15311.284331904002	11932.897908096	1.0	0.458577	60	60	6200.0
-18999.294057216	-8743.190974848001	1.0	57.632978	60	60	6700.0
14912.501763456	826.340207616	1.0	2.094317	60	60	3400.0
-5857.876975104	10168.054262784	1.0	0.436328	60	60	2600.0
-10212.456063744	-7778.960563968	1.0	1.920104	60	60	3300.0
-1318.854189312	-19211.72102784	1.0	0.73781	60	60	5300.0
9501.750441216	10562.847267456002	1.0	2.142543	60	60	3600.0
-17077.685822208	16524.678208896	1.0	1.674588	60	60	5000.0
8855.114412672001	-23773.947335424	1.0	2.158447	60	60	4900.0
-7179.021260928	-10442.593865088	1.0	1.106719	60	60	2600.0
-17175.360128256	-19060.939979136	1.0	0.212296	60	60	6200.0
-4164.349799808	-23377.174837632	1.0	0.396959	60	60	6700.0
2294.034576768	10242.23536512	1.0	29.35163	60	60	2500.0
-446.89390732800007	14431.583105280002	1.0	1.889969	60	60	3300.0
-18960.814642176	-23345.446620672	1.0	1.335348	60	60	6400.0
-3528.528562944	23114.845328256	1.0	1.027304	60	60	5400.0
18648.648577152	-17644.261814784	1.0	0.636255	60	60	6900.0
-23678.250913152	15558.690394368	1.0	2.057392	60	60	7200.0
8844.376869504	10889.695377792	1.0	0.90831	60	60	3200.0
-22448.021688576	11981.677124736	1.0	59.092982	60	60	5800.0
-22628.627100288	-18405.941799168	1.0	4.709884	60	60	7200.0
13228.213832064	-14013.8054496	1.0	1.486376	60	60	6100.0
11566.738351872	-1238.290428672	1.0	0.563081	60	60	2800.0
3826.131674112	-5057.118899712001	1.0	0.646361	60	60	1500.0
13207.134644352	-5682.316856832001	1.0	16.245819	60	60	3900.0
11924.629098624	10736.91552384	1.0	1.7533	60	60	4100.0
10499.05448064	-22942.882093824	1.0	53.107757	60	60	6200.0
21005.819328384	-16129.46516544	1.0	0.741561	60	60	6300.0
-6085.7745696	4374.243662976	1.0	0.469542	60	60	1700.0
17428.033573632	7005.493744128	1.0	0.580483	60	60	4400.0
-7128.148287744	-8724.88951488	1.0	13.203486	60	60	3300.0
6941.544850944	12992.406311808	1.0	1.411093	60	60	4100.0
10702.512577152	9274.533599232	1.0	2.1298	60	60	3900.0
4460.700841344	-15898.537176192	1.0	2.178602	60	60	3500.0
-23493.279351168	-10377.067814784	1.0	0.788136	60	60	5600.0
-8057.716647552001	14458.430181888	1.0	44.039029	60	60	4400.0
21523.791522816	-21523.859115264	1.0	1.35581	60	60	6300.0
17661.691010304	4958.744529024	1.0	1.130007	60	60	3600.0
-10996.307980416	-15556.380985728	1.0	13.358808	60	60	3900.0
8998.410402432	-5563.06768512	1.0	1.611728	60	60	3100.0
4050.0348768	4493.6183635200005	1.0	0.47488	60	60	1500.0
-21080.822805504	-11644.252405632	1.0	1.405654	60	60	6300.0
-4295.453399424	-3830.869582848	1.0	52.874451	60	60	1700.0
-3638.446758144	20818.316268288003	1.0	0.615136	60	60	5500.0
-5078.740436352	-3530.577257856	1.0	1.605779	60	60	1700.0
22930.628548608	-3597.711042816	1.0	0.282441	60	60	7100.0
23134.059286272	429.36493248	1.0	0.367837	60	60	6800.0
6595.897993344	609.745036032	1.0	0.25108	60	60	1800.0
17468.054740224	-8151.143894784001	1.0	45.008732	60	60	5100.0
-17141.95175616	23750.796921984	1.0	27.51958	60	60	7200.0
8023.233233664	-9227.131981056	1.0	2.088624	60	60	2700.0
8954.061709824	5079.351987072	1.0	0.528015	60	60	2500.0
-16868.8621728	-8071.782314112	1.0	1.734221	60	60	3700.0
-11133.295341696	-16477.892969472	1.0	1.646293	60	60	5800.0
-1433.841818112	-2804.077533312	1.0	0.613618	60	60	1200.0
24121.230895872	-15095.561424768	1.0	2.141933	60	60	7200.0
-6042.558855168	6059.463404544	1.0	1.957527	60	60	2200.0
-8539.818173568	10358.809807104	1.0	1.682801	60	60	3300.0
-18338.90940288	-7788.827452032	1.0	1.285744	60	60	4900.0
-5336.443081728	-6976.427382144	1.0	2.252889	60	60	2700.0
11709.569241216	-9202.138868736	1.0	1.160905	60	60	4000.0
6859.53911808	15027.9335712	1.0	0.635801	60	60	5000.0
13094.305145856	5689.024602624	1.0	1.666093	60	60	4000.0
-8437.208009472	1928.626584192	1.0	0.45204	60	60	2500.0
13444.265045376	-3180.0943215360003	1.0	0.62125	60	60	2700.0
8435.877081984001	35.267164416	1.0	1.655828	60	60	2500.0
-1238.710467456	2752.520588928	1.0	1.7326	60	60	1200.0
-20718.897433344	-22384.082451456	1.0	2.099683	60	60	7200.0
-1919.034893952	7156.9957789439995	1.0	23.364831	60	60	1600.0
-21839.61079872	12796.943436288	1.0	0.204492	60	60	5300.0
-6545.5818531840005	23598.10075392	1.0	1.36577	60	60	5800.0
-15227.152655616	19459.85773248	1.0	0.373787	60	60	6300.0
-52.575659136	-13861.257341184	1.0	1.688081	60	60	4300.0
-6522.284989440001	-19122.404045184	1.0	1.960589	60	60	5200.0
4703.41244736	23115.773919744	1.0	1.365433	60	60	6200.0
-5400.90213696	4168.736871552001	1.0	1.877594	60	60	1800.0
24027.250034304	-11675.991888	1.0	0.768917	60	60	6400.0
-23858.4040992	-11905.391000448	1.0	2.143763	60	60	5800.0
-6749.863933824	-10428.624759168	1.0	1.569923	60	60	3100.0
12600.1174464	21977.509048704	1.0	0.308364	60	60	5600.0
-7805.432663424	-9319.379579136	1.0	33.498598	60	60	3000.0
-23534.760192768	2903.388542208	1.0	1.749605	60	60	5300.0
9718.945898112	5750.691446016	1.0	1.45501	60	60	3500.0
11796.087574656	-1187.990381952	1.0	0.727885	60	60	3700.0
-12685.140699264	-628.057761408	1.0	2.030691	60	60	3500.0
18181.919505024	-8005.163519232001	1.0	44.834628	60	60	4300.0
8882.233468416	21299.154459264	1.0	1.890475	60	60	5300.0
-14564.735399808002	1078.1059829760002	1.0	2.222914	60	60	4100.0
-4706.355937536	23820.924086784	1.0	1.967412	60	60	6800.0
1771.1571018240002	22909.048854912	1.0	0.322549	60	60	4600.0
8550.257988096	-20626.717427712	1.0	0.746819	60	60	7100.0
20774.553376896	18626.592517632	1.0	1.990162	60	60	6400.0
15371.515640448002	12617.710795008	1.0	1.718765	60	60	6200.0
-18721.03204224	-23178.64133376	1.0	2.060272	60	60	6100.0
19632.13800768	18924.01860096	1.0	43.570297	60	60	5700.0
-19209.96684288	13702.421525760004	1.0	1.504979	60	60	5300.0
8627.485578624	19820.577705984	1.0	0.628751	60	60	5000.0
-10313.938077696	3338.104543488	1.0	0.669753	60	60	2300.0
19638.823222656	-9114.154422912	1.0	0.762017	60	60	6300.0
22647.355036416	2629.058154624	1.0	2.214618	60	60	5100.0
-2093.74045056	15016.315716864	1.0	1.150439	60	60	4200.0
-4585.700199168	14296.45453632	1.0	0.483396	60	60	3300.0
-3751.868495232	21350.589093504	1.0	1.631737	60	60	5200.0
-20048.130900864	22584.17380032	1.0	0.452305	60	60	7200.0
12391.572213504	-19174.990969728	1.0	0.921977	60	60	4800.0
17541.395764992	-17981.054061696002	1.0	0.724014	60	60	5700.0
20372.453950464	11418.136354944	1.0	0.301505	60	60	5600.0
15413.123620224	-18266.273270784	1.0	1.384511	60	60	5200.0
16221.176851968	12335.649118848	1.0	24.439779	60	60	5300.0
-16831.110181248	15964.650637056	1.0	1.694626	60	60	5600.0
23848.57100736	-21952.577091456	1.0	1.481596	60	60	7200.0
-6474.0642151679995	15352.311338496	1.0	35.797535	60	60	4200.0
-12655.578659328	-16535.666809728	1.0	22.109785	60	60	5500.0
-1663.149197952	-17272.385868672	1.0	0.828424	60	60	5100.0
14874.870472704	11572.910186112002	1.0	0.974771	60	60	4500.0
-1750.946959872	9040.193800704	1.0	1.450374	60	60	2400.0
23595.28440192	-22885.372185984	1.0	1.738577	60	60	7200.0
3743.767057536	492.85516262400006	1.0	0.694998	60	60	1200.0
4383.853056000001	15186.74363712	1.0	2.00154	60	60	4500.0
-23185.1752704	23429.26447488	1.0	0.200471	60	60	7200.0
-15015.031460352	-16419.834275328	1.0	14.760831	60	60	4800.0
20830.595563008	-11287.742476032	1.0	1.278572	60	60	5400.0
-6432.440141952	-20611.161508608	1.0	1.142651	60	60	4800.0
6294.897556992	-5033.233016064	1.0	54.517312	60	60	2500.0
13860.624868992	-19514.306668032	1.0	2.057703	60	60	7200.0
10640.96643456	15802.563946752	1.0	0.838205	60	60	5000.0
493.535915136	-442.468211328	1.0	1.313519	60	60	1200.0
11933.202074112	-15443.60298624	1.0	0.493497	60	60	6200.0
24013.93110336	20959.602187392	1.0	1.722945	60	60	7200.0
18765.869975424	19940.740985088	1.0	18.772973	60	60	5800.0
-20645.183040768	1866.353018112	1.0	1.707706	60	60	5000.0
23136.1707456	-4131.264905856	1.0	0.930128	60	60	4700.0
-9641.930740992	-23273.644128768003	1.0	13.053406	60	60	5200.0
-15562.36452672	4008.339992448	1.0	16.591068	60	60	5100.0
24116.653921536	-3844.474977024	1.0	35.594517	60	60	6700.0
-757.90446336	5566.024050048	1.0	1.6607	60	60	1300.0
-19070.626620672	20763.905956992003	1.0	45.642838	60	60	7200.0
14892.206326272002	17272.45346112	1.0	0.659545	60	60	4800.0
3411.236353536	-13809.759942528	1.0	0.694478	60	60	3400.0
-14585.93528832	-20946.249460224	1.0	1.148802	60	60	7200.0
-8406.550006272	11627.008284672002	1.0	2.112639	60	60	4500.0
-11209.740791040002	2669.640982272	1.0	1.609002	60	60	3400.0
5899.682904192	-11600.861272704	1.0	1.647348	60	60	2600.0
438.782813568	-21734.058753792	1.0	23.112094	60	60	6400.0
7297.07147136	-17204.86905984	1.0	0.7501	60	60	5700.0
2553.003775872	11826.330367104	1.0	38.090191	60	60	3000.0
4625.444558592	9637.844616576	1.0	1.17346	60	60	2800.0
-17381.254771583997	23088.513241728	1.0	36.505986	60	60	7200.0
-2951.572301568	-22327.785988992004	1.0	27.772464	60	60	5900.0
1747.396747008	2446.17069312	1.0	0.24816	60	60	1200.0
14985.207097344	-20682.949516416	1.0	1.415892	60	60	7200.0
11658.871686528	-2339.09299008	1.0	32.620479	60	60	3300.0
-11247.25459968	21401.753357952	1.0	0.330501	60	60	7200.0
12800.244200832	9137.964667392	1.0	1.104164	60	60	3300.0
-19230.455401344	7887.151933056	1.0	2.170227	60	60	4300.0
-13465.184908032	10294.765962624	1.0	0.508811	60	60	4700.0
10256.674399488	-15211.694906496	1.0	0.890319	60	60	5200.0
-15633.222333696	-7023.830609664	1.0	57.74019	60	60	4800.0
1493.957253888	8961.144432768	1.0	1.030218	60	60	2900.0
-11883.494265984	-23804.16115968	1.0	1.331233	60	60	5200.0
-5741.241378048	-21596.20556544	1.0	1.356035	60	60	5600.0
-7755.972694272001	-9388.145238912	1.0	1.267182	60	60	3900.0
-20375.288005248	-13035.676743936	1.0	1.778134	60	60	5800.0
9291.439757952	20952.738335232	1.0	1.057558	60	60	7200.0
5507.789937408	5884.682208768	1.0	7.730091	60	60	2200.0
5248.823956992	23160.574838016	1.0	0.270428	60	60	5400.0
20155.813717248	-22490.65482048	1.0	1.777973	60	60	7200.0
3942.728646912	1038.538651392	1.0	45.971381	60	60	1200.0
6.773728896000001	21644.167235328	1.0	0.329877	60	60	4600.0
-23378.583013632	13623.608731392	1.0	1.864996	60	60	7200.0
16771.744699776	-16265.746024704	1.0	52.047585	60	60	4900.0
-10585.648453248	-19379.083147776	1.0	1.457551	60	60	5200.0
-10428.529807872	-13937.986035072	1.0	38.605004	60	60	5200.0
17893.4510304	-12011.039606016	1.0	0.92174	60	60	6000.0
16103.741410944	-1627.799956992	1.0	0.50193	60	60	4000.0
-23995.74551616	14046.972420096	1.0	1.088854	60	60	6800.0
22817.184280704	1858.135707648	1.0	1.194095	60	60	7100.0
9568.171286784	-11879.913475584	1.0	1.124548	60	60	4500.0
6006.445175808	18595.506428928	1.0	0.839509	60	60	4500.0
-6924.096343296	-7959.084781824001	1.0	9.911507	60	60	2600.0
-11640.9081888	20826.317926656004	1.0	0.531981	60	60	5400.0
-1054.234583424	23526.016626816003	1.0	1.016823	60	60	6200.0
9364.074280704	-320.73421248	1.0	4.294647	60	60	2800.0
18219.253067136	-23972.915362176	1.0	1.600173	60	60	7200.0
-15020.918440704	22612.91668416	1.0	1.637132	60	60	5900.0
-12870.078465024	-18668.258433792	1.0	1.137503	60	60	5500.0
-7199.001266687999	-6035.455210752	1.0	0.245821	60	60	2300.0
-12799.32204672	239.805130752	1.0	29.702853	60	60	3200.0
-14832.095718528	-4151.47182912	1.0	1.038855	60	60	4700.0
16298.562158208	-19791.976444416	1.0	13.874328	60	60	7200.0
8198.003164032	3718.843147008	1.0	18.235024	60	60	1700.0
8277.31485504	19374.638139648003	1.0	1.188217	60	60	5700.0
18887.090593536	-9353.20959936	1.0	0.724551	60	60	4300.0
-7834.565008512	24114.988250496	1.0	0.919219	60	60	5100.0
12482.173452672	3503.483951616	1.0	1.993074	60	60	3900.0
15844.521154176	13011.581645568	1.0	0.630643	60	60	5100.0
-9006.465169152001	23304.60468864	1.0	6.985384	60	60	6500.0
-13832.61745536	8870.741142912	1.0	29.282681	60	60	4600.0
-15047.955419904	7431.036484608	1.0	1.650164	60	60	4700.0
-3927.779450496	21991.579543296	1.0	2.268294	60	60	6600.0
5438.372493312	-143.656482816	1.0	1.669443	60	60	1200.0
5007.499605504	-12645.769707648	1.0	2.205884	60	60	2600.0
-14757.468827904002	-9426.80490048	1.0	1.122356	60	60	4000.0
12515.222941056	-22535.89348032	1.0	0.65285	60	60	5200.0
-6677.026633728001	4137.097168512	1.0	0.785983	60	60	2300.0
-17686.338113664002	-19879.424978688	1.0	18.572283	60	60	6300.0
-3242.284201728	11069.343229824	1.0	1.471646	60	60	3700.0
18907.453623168	-4027.444515072	1.0	0.587535	60	60	5400.0
-10432.826756352	-18038.512470528	1.0	0.550329	60	60	6500.0
-11391.96681216	-10423.416921984	1.0	44.222042	60	60	3500.0
-14080.68978624	-22349.854923264	1.0	0.47188	60	60	6300.0
4382.290382976	-14204.509494912	1.0	1.12883	60	60	3400.0
-22507.551323136	17894.334560256	1.0	0.342918	60	60	7200.0
-11828.145707136	-15117.192617472	1.0	1.989736	60	60	4400.0
-121.436270208	-3475.7404704	1.0	14.090843	60	60	1200.0
-10859.444538624	-6367.073416704001	1.0	0.292934	60	60	3800.0
5373.866767104	-8856.160486272001	1.0	0.925073	60	60	2900.0
-17183.63376576	-11592.907894656	1.0	0.989077	60	60	6600.0
11105.619452928	-7076.774808576	1.0	1.919339	60	60	3000.0
20212.745870592	-19364.702049792	1.0	1.217995	60	60	6100.0
