trucks_count 15
drones_count 15
customers 1000
depot 0 0
Coordinate X         Coordinate Y         Dronable Demand
X	Y	Dronable	Demand	Drone_service	Truck_service	Lw
-275.176902528	255.538077696	1.0	19.865412	60	60	1200.0
-5866.540073856	3534.407496576	1.0	25.017808	60	60	1900.0
-5300.757487872	259.849510272	1.0	1.028199	60	60	1300.0
6851.053047168	-40.037260032000006	1.0	1.76097	60	60	2200.0
1337.892728832	-5735.4316462080005	1.0	0.963644	60	60	1800.0
1987.345109376	4629.783350016	1.0	0.328314	60	60	1200.0
6933.03785856	-6914.507871744	1.0	1.996397	60	60	3100.0
5579.222280192001	5150.454414336	1.0	1.246388	60	60	2200.0
-4333.713943680001	-42.356324736	1.0	0.614473	60	60	1200.0
-2708.432610048	-3521.4699801600004	1.0	2.112392	60	60	1200.0
-6004.468901376	1042.946644608	1.0	2.163422	60	60	1900.0
1297.22782464	6445.8974764800005	1.0	0.556532	60	60	1600.0
-561.7721007360001	-2252.103118848	1.0	1.998845	60	60	1200.0
5671.619547264	-2711.6400326400003	1.0	0.622106	60	60	1600.0
-4824.763422336	909.60927552	1.0	0.47962	60	60	1400.0
3678.86382336	-2369.149098624	1.0	0.834862	60	60	1200.0
-2975.640041088	1581.692251392	1.0	9.327578	60	60	1200.0
3336.118612992	448.004354688	1.0	1.112485	60	60	1200.0
-6842.180733696001	7830.663958656	1.0	0.74809	60	60	2700.0
6795.622411775999	5309.27413632	1.0	1.815648	60	60	1700.0
6595.675903872	-6752.27634048	1.0	0.261679	60	60	2400.0
6347.447466624	-3203.1658771200005	1.0	1.506251	60	60	1400.0
-3533.4805144320003	1708.8239900160002	1.0	46.594514	60	60	1200.0
-2783.027313792	-1287.817990272	1.0	2.074799	60	60	1200.0
-1799.019674496	5613.358075776	1.0	1.786923	60	60	1400.0
1023.362537472	198.065184768	1.0	0.965121	60	60	1200.0
6141.454653312	7904.239947648	1.0	2.122113	60	60	2000.0
-526.453437312	-7692.261984	1.0	1.339422	60	60	2300.0
-3044.225454336	757.949524992	1.0	2.095913	60	60	1200.0
-707.929504128	5978.888378496	1.0	52.69235	60	60	1400.0
5373.354995712	-3942.232968960001	1.0	53.958909	60	60	2000.0
6333.507328896	5386.693238784	1.0	1.2207	60	60	2700.0
3642.703473024	7350.157292544	1.0	1.930962	60	60	1600.0
-7327.901674368	1456.586676864	1.0	1.692504	60	60	1600.0
-6227.000942976	-555.5616422400001	1.0	1.272537	60	60	1900.0
3570.670844928	-5090.1764348159995	1.0	1.523997	60	60	1400.0
-4833.8803560960005	2700.627291648	1.0	2.08325	60	60	1300.0
2331.442168704	507.09624768	1.0	0.933471	60	60	1200.0
-7651.65018816	-2498.8477409280003	1.0	1.289875	60	60	2000.0
4503.55606272	324.63204364800004	1.0	2.217555	60	60	1200.0
-17.8637184	1138.94884224	1.0	1.11727	60	60	1200.0
-2633.759048448	4694.694630912	1.0	38.771519	60	60	1200.0
652.930172928	-1667.611908864	1.0	12.30446	60	60	1200.0
-3579.4610818560004	-5431.127226624	1.0	6.086489	60	60	1600.0
-2251.38374208	651.3916400640001	1.0	1.669094	60	60	1200.0
895.220130816	5223.068015616001	1.0	0.867752	60	60	1200.0
3353.773116672	-4131.614133504	1.0	0.93498	60	60	1300.0
-6784.056056448001	-3757.591322496	1.0	2.020966	60	60	2500.0
1195.102073088	-2080.0964321280003	1.0	1.411871	60	60	1200.0
-1115.352640512	-1064.672788608	1.0	0.842019	60	60	1200.0
-1895.240742912	-5941.905653376	1.0	0.524989	60	60	1900.0
5048.178993792	2411.8836192	1.0	0.497942	60	60	1600.0
-5496.065866368	5760.851234688	1.0	8.210769	60	60	1700.0
3136.790093184	3600.071950464	1.0	1.754658	60	60	1400.0
4317.668784	3275.0166493439997	1.0	1.695176	60	60	1400.0
5462.560933632	-6141.1311751680005	1.0	1.759383	60	60	2300.0
-5623.027014528	-2995.0439016960004	1.0	45.762143	60	60	1700.0
3654.197407872	-6830.923372415999	1.0	2.091173	60	60	2200.0
-6272.788389120001	5400.2149470720005	1.0	0.807626	60	60	2000.0
6456.884467968	-1023.883964928	1.0	0.737239	60	60	2100.0
-7994.408273280001	2953.5614507520004	1.0	37.965869	60	60	2600.0
-4516.231256064	954.34903872	1.0	2.154	60	60	1200.0
6958.748738304001	-7047.6939624960005	1.0	1.465238	60	60	2200.0
-7490.902472064001	2619.310358016	1.0	4.087016	60	60	1600.0
-3575.8464952320005	-327.728421504	1.0	0.825252	60	60	1200.0
-1259.614236672	409.532986368	1.0	0.389694	60	60	1200.0
-2302.548006528	-768.5357898240001	1.0	1.067661	60	60	1200.0
-997.828685568	-1193.28029568	1.0	1.685605	60	60	1200.0
-1143.749515392	-5426.278273152	1.0	1.991652	60	60	1200.0
7766.624942208	-1701.783110016	1.0	1.104256	60	60	2300.0
-3855.956037120001	7317.584169983999	1.0	57.049277	60	60	2100.0
-4676.240283264	6319.520520192	1.0	8.713093	60	60	1600.0
7504.208528256001	2085.648668928	1.0	0.294421	60	60	2100.0
7854.784806528	6519.764756736	1.0	1.040963	60	60	2400.0
-6950.230480512001	-5907.927573504	1.0	1.064517	60	60	2900.0
-7125.79703616	-5079.30692544	1.0	0.533321	60	60	2200.0
205.901080704	-1319.956589952	1.0	1.925774	60	60	1200.0
-919.049687424	-7508.616521472001	1.0	51.2157	60	60	1800.0
5767.668415872	547.535843712	1.0	0.416685	60	60	1700.0
5735.993307264001	2894.95236096	1.0	1.873533	60	60	1700.0
5106.88303488	1731.264682752	1.0	0.867724	60	60	1400.0
4791.887743104	3663.51872832	1.0	0.423279	60	60	1800.0
5922.533979648	7446.066148224	1.0	1.212264	60	60	2300.0
-5663.078758656	2258.1655176960003	1.0	1.620949	60	60	1400.0
1240.754334336	-5094.053344512	1.0	1.373166	60	60	1700.0
6969.859649280001	726.2470575359999	1.0	59.774069	60	60	1400.0
6621.29183232	2381.991663744	1.0	52.89082	60	60	2200.0
953.97084288	-668.236643712	1.0	1.812975	60	60	1200.0
-2690.274381696	-4845.567412224	1.0	19.882406	60	60	1200.0
-6993.447804288	-50.10692544	1.0	14.64635	60	60	1800.0
-1435.951668096	-1647.06702336	1.0	1.812952	60	60	1200.0
870.828913152	-250.143556608	1.0	0.684226	60	60	1200.0
-4712.049796608	3318.29834688	1.0	0.457378	60	60	1400.0
880.7456908800001	1782.9664680960002	1.0	1.995004	60	60	1200.0
-1298.59576704	4784.058284544	1.0	1.179755	60	60	1200.0
-3831.865766784	3342.1246848000005	1.0	1.735057	60	60	1400.0
-5517.220693248	9.028419840000002	1.0	0.383234	60	60	1500.0
1147.0695920639998	-3633.91484544	1.0	1.94876	60	60	1200.0
4212.599542272	-6878.502018432	1.0	1.556477	60	60	2000.0
6197.557994496	7966.915849728	1.0	0.563149	60	60	3100.0
-3944.965635072	3736.061518464	1.0	1.567934	60	60	1500.0
2827.493488512	-3863.751699456	1.0	0.748738	60	60	1200.0
-5222.1201120000005	3006.652099968	1.0	1.512878	60	60	1800.0
-4989.262519296	5545.96840512	1.0	18.552611	60	60	1600.0
-7529.198421888001	7942.772471040001	1.0	1.119013	60	60	2500.0
6172.725816576	-829.2547296000001	1.0	0.48412	60	60	1700.0
851.621392512	2585.092485888	1.0	1.196825	60	60	1200.0
2923.408781568	6144.41101824	1.0	2.210292	60	60	1400.0
-1471.605075072	-1016.00300736	1.0	27.281957	60	60	1200.0
-79.10408563200001	-4349.3648140800005	1.0	0.597026	60	60	1200.0
1089.49370112	2197.230925824	1.0	2.0458	60	60	1200.0
-3033.523316736	-1642.284052992	1.0	51.589275	60	60	1200.0
-5272.891696512	-21.668207616	1.0	0.20131	60	60	1300.0
5360.897063808	-6308.232581376001	1.0	2.006014	60	60	1700.0
5337.474671232	5296.209481728	1.0	13.135721	60	60	1700.0
-4516.763948928	5926.6426348800005	1.0	56.865096	60	60	1700.0
7501.858886016	-1616.9835559680002	1.0	10.31761	60	60	2300.0
743.438070144	-5410.093100544001	1.0	0.630207	60	60	1200.0
540.387137664	7374.410106624	1.0	1.479668	60	60	2300.0
-2301.783568128	-6178.323115008	1.0	0.892279	60	60	1300.0
-2394.52684416	-2063.338333056	1.0	49.498868	60	60	1200.0
-321.63544512000004	4348.0290585600005	1.0	0.205584	60	60	1300.0
4680.377906688001	-2077.988191488	1.0	0.496466	60	60	1300.0
7076.7377936640005	5962.769188992001	1.0	2.026553	60	60	2500.0
6280.456913280001	-4869.142692480001	1.0	0.261494	60	60	1900.0
831.544826112	5653.989183744	1.0	27.610262	60	60	1800.0
-7883.95094784	-2265.768058752	1.0	1.567608	60	60	2100.0
7053.98006016	1143.9860889600002	1.0	0.8382	60	60	2000.0
-262.385836416	-692.92719936	1.0	0.673088	60	60	1200.0
2154.3580016640003	2211.042316032	1.0	2.147306	60	60	1200.0
863.804126592	-5546.610533376001	1.0	1.995939	60	60	1800.0
-5156.005041792	2228.8835036160003	1.0	1.521702	60	60	1200.0
3063.140074368	705.451114368	1.0	2.220156	60	60	1200.0
-3621.64359744	-6681.536015616	1.0	0.724894	60	60	1900.0
-7771.704031872001	1988.276919552	1.0	16.338372	60	60	2600.0
1467.135926784	-5141.147577984	1.0	0.98696	60	60	1300.0
-5191.980317568	1635.151440384	1.0	0.721224	60	60	1200.0
6346.734527232	235.435761792	1.0	18.909031	60	60	1500.0
7692.80111424	-5811.959172096001	1.0	0.215633	60	60	2500.0
-5661.31813632	1776.3552829440002	1.0	1.872024	60	60	1600.0
594.32269248	2780.07738624	1.0	2.101826	60	60	1200.0
-5169.587905152	-3939.81090624	1.0	38.598165	60	60	1800.0
-4939.475853312	-718.707280896	1.0	1.574831	60	60	1200.0
4332.091724928	-3413.2834391039996	1.0	1.29668	60	60	1200.0
-3729.252384	-991.143470592	1.0	1.740384	60	60	1200.0
-4311.202439808	-6876.392168448	1.0	0.640187	60	60	1800.0
-7970.548139136001	7199.245886976001	1.0	0.270203	60	60	2800.0
-4248.97393536	-6253.804567296001	1.0	2.249666	60	60	2000.0
758.9296154880001	4623.286428288	1.0	0.669964	60	60	1200.0
6404.767471872001	2833.863272064	1.0	1.799226	60	60	2200.0
-612.786696192	-5199.046947072	1.0	1.680893	60	60	1400.0
1621.954819584	-1616.5458144000002	1.0	1.908983	60	60	1200.0
-278.03026944	-4168.561453056001	1.0	1.783024	60	60	1200.0
7165.5945039359995	5217.3323136	1.0	56.99293	60	60	2600.0
-1212.76945152	-1913.202631296	1.0	56.271429	60	60	1200.0
2135.287275264	-3456.137051136	1.0	0.63677	60	60	1200.0
650.0092135680001	2800.464556032	1.0	1.516088	60	60	1200.0
702.407844864	-1916.778593664	1.0	2.115848	60	60	1200.0
-4798.239823872001	7462.087167744001	1.0	2.087635	60	60	2400.0
2492.0627466240003	2429.533294848	1.0	0.92481	60	60	1200.0
-921.294722304	-1873.677142656	1.0	2.948623	60	60	1200.0
-6356.347138944	-1675.748752128	1.0	1.460496	60	60	1600.0
-2611.29743424	-259.453611648	1.0	1.746046	60	60	1200.0
-6307.812542592001	1935.09936576	1.0	1.304898	60	60	1600.0
3889.320956928	-6803.334388224	1.0	2.042615	60	60	2200.0
3860.384951808	2193.67266624	1.0	49.711038	60	60	1200.0
6166.557201024	-1941.792627456	1.0	1.358328	60	60	1800.0
7665.908976	8001.590775552	1.0	1.411869	60	60	3000.0
-4256.212764672	-2842.685695872	1.0	1.696116	60	60	1300.0
6235.879693824	6829.293106944	1.0	1.991869	60	60	2500.0
1755.430592256	-2796.769502208	1.0	12.272332	60	60	1200.0
-6460.7517216	7715.745531648001	1.0	48.428	60	60	2100.0
-2575.3672200960004	-5355.150096384	1.0	42.859929	60	60	1800.0
3639.069574272	150.510678912	1.0	2.107635	60	60	1200.0
-4603.594495104	-7745.758187904001	1.0	2.057644	60	60	2400.0
-6969.400986240001	-7775.841655296001	1.0	0.60904	60	60	2900.0
592.19031168	3722.369219712	1.0	58.653504	60	60	1200.0
-1528.93312704	-296.244824832	1.0	2.117267	60	60	1200.0
-668.3396417280001	5378.232917376	1.0	1.901314	60	60	1400.0
5626.174891392	-2207.696489856	1.0	1.141432	60	60	1700.0
3700.269707904	1718.0149536	1.0	2.189009	60	60	1200.0
4558.5473472	-6023.874371328	1.0	0.999189	60	60	2000.0
5462.272861056001	2436.9105277440003	1.0	5.777018	60	60	1600.0
7403.706604800001	260.671885056	1.0	28.783141	60	60	2300.0
-3536.274335616	-2999.8381374719997	1.0	0.701379	60	60	1200.0
-7824.706167167999	4872.691296	1.0	46.264671	60	60	2600.0
-943.696790784	-5848.455875328001	1.0	0.508432	60	60	1800.0
-6207.994590336	1570.819523328	1.0	1.920375	60	60	1300.0
3631.048603776	895.1911626240001	1.0	37.778827	60	60	1200.0
-5729.002316928	-3562.0109648640005	1.0	1.873884	60	60	1400.0
3270.386566656	3969.183043584	1.0	41.169849	60	60	1200.0
-2234.768874624	5305.37147712	1.0	56.630697	60	60	1800.0
-6597.064767744	1784.9073369599998	1.0	0.298683	60	60	1400.0
1831.5139392	7339.332844800001	1.0	0.423131	60	60	2000.0
6857.929774080001	6510.527122176	1.0	0.247188	60	60	2800.0
-7350.858966528	4606.848588672	1.0	0.305308	60	60	2600.0
6176.998624896	-6006.841074432	1.0	3.905189	60	60	2200.0
1971.547788672	-891.3094248960001	1.0	1.516989	60	60	1200.0
7461.768517632	-1906.498104192	1.0	0.674131	60	60	1900.0
-7167.408234624	409.566782592	1.0	0.809953	60	60	2200.0
-2787.840861696	-7369.771977216	1.0	21.991878	60	60	1800.0
-3343.405722624	-2083.361791104	1.0	44.726776	60	60	1200.0
2106.233788032	-5783.8680725760005	1.0	49.607961	60	60	1500.0
-659.1374127360001	-2114.021403648	1.0	45.76734	60	60	1200.0
-6547.931495424001	5981.2315833600005	1.0	1.256208	60	60	2700.0
2112.848191872	7198.994829312	1.0	1.414875	60	60	1800.0
2754.273164544	-396.43775424	1.0	2.881893	60	60	1200.0
1897.64188416	1410.715544832	1.0	1.630468	60	60	1200.0
-2042.918976384	4998.022178688	1.0	1.418105	60	60	1400.0
7383.910064256	7472.422374912	1.0	0.947122	60	60	3200.0
-6321.324594816	-561.56449536	1.0	12.897378	60	60	1800.0
-714.495627648	-5098.218326784	1.0	0.968832	60	60	1600.0
910.537867008	7423.132996224001	1.0	1.54128	60	60	2000.0
1931.270736384	7262.837505792	1.0	1.95497	60	60	1500.0
211.979572992	6064.227062784001	1.0	1.376929	60	60	1600.0
-6542.648019072001	-7214.465453184	1.0	0.566856	60	60	2000.0
-6261.9993469440005	8006.578132608	1.0	2.773824	60	60	2800.0
5817.072057984001	619.8999966719999	1.0	1.10465	60	60	1800.0
-2271.877128576	-6811.95886272	1.0	0.842568	60	60	1600.0
-2597.885161344	-6154.479074304	1.0	1.30862	60	60	1600.0
7006.039311744	-7958.317124736001	1.0	0.897383	60	60	2200.0
5793.858880128	823.72663296	1.0	1.706572	60	60	1800.0
-4704.106074624	-3246.635867904	1.0	1.79748	60	60	1600.0
3281.845095936	2315.702784384	1.0	1.668381	60	60	1200.0
6508.006889472	-566.4134488320001	1.0	2.178471	60	60	1800.0
-2005.084908288	-7651.444192128	1.0	0.444727	60	60	1700.0
4618.501848576	-1413.266355072	1.0	2.219193	60	60	1200.0
6937.57620864	-855.2037922559999	1.0	0.383153	60	60	1500.0
517.981850496	369.68241024	1.0	1.697672	60	60	1200.0
1510.44176448	3541.2729580800005	1.0	1.294192	60	60	1200.0
1315.579174272	7247.444130432	1.0	1.274055	60	60	2300.0
1973.733277824	-1466.4342528	1.0	1.6354	60	60	1200.0
-4677.019205760001	7272.64162944	1.0	0.539048	60	60	1900.0
1324.589891328	4990.321467648	1.0	22.984233	60	60	1200.0
-3067.16021568	-1328.777404416	1.0	1.915761	60	60	1200.0
7139.035499903999	2545.079366016	1.0	1.24318	60	60	2200.0
-1926.68249664	-1482.754610304	1.0	1.673394	60	60	1200.0
-3043.256629248	-2189.831162112	1.0	0.771349	60	60	1200.0
-6198.13896768	-2247.959058048	1.0	2.004946	60	60	1500.0
-2411.750043648	-3234.630161664	1.0	1.669072	60	60	1200.0
-1744.8282339840002	6224.023656576001	1.0	1.881895	60	60	1500.0
-6617.653105536	224.788341888	1.0	0.549528	60	60	1500.0
-4513.15579968	-268.29373824	1.0	58.181543	60	60	1200.0
-384.21800524800005	-3511.2699578879997	1.0	2.001119	60	60	1200.0
-6785.922895488	6537.221311104	1.0	0.561398	60	60	2200.0
4970.174090112	-692.080684416	1.0	57.065687	60	60	1200.0
4962.212665344	-2944.6489036800003	1.0	0.597394	60	60	1400.0
-1957.4547632640003	7396.97150016	1.0	1.389063	60	60	1600.0
5431.867524864	-794.885579136	1.0	2.11046	60	60	1300.0
-4577.334829056001	-1097.619278976	1.0	2.079816	60	60	1400.0
-7204.159214208	3015.4809611520004	1.0	0.638164	60	60	1600.0
5961.99992256	-3384.3474339840004	1.0	1.290962	60	60	1900.0
-7567.788881664	6677.277691392	1.0	0.335336	60	60	3200.0
-5102.024425344	-6832.791820800001	1.0	1.679788	60	60	2600.0
4992.98171328	7722.458105472	1.0	1.386681	60	60	2000.0
-6174.769683456	2062.828171008	1.0	1.447899	60	60	1300.0
-2802.003088896	4088.596368384	1.0	1.381228	60	60	1600.0
152.464422528	7029.028790784	1.0	0.349247	60	60	1600.0
-2690.8859324160003	6336.7887813120005	1.0	0.775764	60	60	1800.0
6282.998067456	-6030.5740704	1.0	0.745226	60	60	2000.0
-6095.041172352	320.64569856	1.0	1.442899	60	60	1600.0
-7833.317766912	-4622.378758272	1.0	1.801825	60	60	2400.0
-5027.516626176	-6409.638956160001	1.0	1.509598	60	60	2400.0
6691.8020209920005	5388.017728896	1.0	38.914143	60	60	2300.0
-6115.63594752	-3949.895055744	1.0	0.417476	60	60	1900.0
-4630.618599552	-4608.564149376	1.0	26.412858	60	60	1400.0
-4761.374580864001	3408.387814656	1.0	1.92674	60	60	1500.0
-3945.760651008	-5036.797713024	1.0	1.185472	60	60	1700.0
-32.763025152000004	-5451.472553472	1.0	2.001892	60	60	1200.0
-5556.104053632	-419.85370944	1.0	1.750324	60	60	1300.0
-3691.210710528	-4282.29540288	1.0	1.087685	60	60	1800.0
6268.851933696001	-448.316567424	1.0	1.353385	60	60	2000.0
-2854.007430912	-3621.53094336	1.0	31.325972	60	60	1200.0
-4450.011578496	-6952.713698304001	1.0	33.626959	60	60	2300.0
1044.687954816	7046.274521087999	1.0	1.38304	60	60	1900.0
6078.320088192	3173.998126464	1.0	0.662792	60	60	1700.0
2436.537159936	-4933.004681088	1.0	0.866994	60	60	1200.0
2636.6317274880003	-7268.212714752	1.0	1.107309	60	60	1900.0
7713.677524608001	-3765.906802944	1.0	0.758013	60	60	2100.0
-5492.351500416	3538.493620992	1.0	38.601069	60	60	2000.0
6702.248272895999	-6295.631417856001	1.0	0.446912	60	60	2500.0
886.943274624	-5855.924840832	1.0	1.593972	60	60	1900.0
7221.412991232	1841.818568832	1.0	1.034641	60	60	1500.0
2885.354233344	2053.4440861440003	1.0	0.233912	60	60	1200.0
6276.898653696	-2510.39156544	1.0	0.61306	60	60	1500.0
5683.015312128	-5802.074581248	1.0	26.014771	60	60	2500.0
-6879.007352447999	-4448.37165696	1.0	0.227842	60	60	2600.0
3050.2749784320004	-4894.132586112	1.0	16.361424	60	60	1300.0
546.1212303359999	-3331.7251038719996	1.0	1.719873	60	60	1200.0
-7173.847219968	-4172.544579456	1.0	4.408979	60	60	1800.0
-2850.645511296	-3310.7296020480003	1.0	0.475914	60	60	1200.0
-5231.3336064000005	4832.748987264	1.0	27.83234	60	60	2200.0
-4080.634943616	-3958.083398016001	1.0	0.443581	60	60	1300.0
5693.567780736	5420.280248064	1.0	2.214718	60	60	1600.0
-1688.251745664	443.927886336	1.0	0.510748	60	60	1200.0
2426.0056128	-4769.039886336001	1.0	1.119925	60	60	1300.0
-5508.113415552	2707.06949568	1.0	0.497124	60	60	1500.0
1151.097780096	-6357.86635968	1.0	6.051201	60	60	1400.0
-2047.590902016	-7551.972248832	1.0	0.532553	60	60	1800.0
4243.60677312	7861.453928064	1.0	1.549342	60	60	2100.0
-3543.3522305280003	6348.546648576	1.0	0.444901	60	60	2100.0
-6620.218399872	-7010.951029632	1.0	0.700344	60	60	2800.0
3274.6062666240005	-2599.0841226240004	1.0	1.686323	60	60	1200.0
-7009.106721408	3386.8113396480003	1.0	2.268427	60	60	1700.0
4510.31530752	-4901.680409472	1.0	0.982389	60	60	1900.0
-5450.820769152	1260.54282816	1.0	0.411171	60	60	1200.0
-6879.842601984001	354.3775488	1.0	38.732155	60	60	1500.0
-1101.4688298239998	-5785.77675456	1.0	2.064599	60	60	1300.0
4825.637296128	-7890.338434175999	1.0	28.866216	60	60	2400.0
6144.860025216	-5606.169136128	1.0	0.233411	60	60	1700.0
5493.564945792001	-928.74437568	1.0	1.468439	60	60	1600.0
549.619944192	-505.22940864	1.0	52.878807	60	60	1200.0
988.304587776	3298.5549146880003	1.0	1.570722	60	60	1200.0
4034.393662464	-2807.624527488	1.0	1.881321	60	60	1300.0
-1892.94259968	-3979.019354112	1.0	0.331404	60	60	1200.0
2800.055782656	1166.499202176	1.0	38.325239	60	60	1200.0
7648.95453696	-3982.464959616	1.0	0.628117	60	60	2300.0
4653.986274432	-7705.006379136001	1.0	1.682864	60	60	2200.0
976.693170816	-5571.819297792001	1.0	2.123164	60	60	1200.0
7100.585053056001	-7266.281501952	1.0	2.004274	60	60	3000.0
-2416.6810736640005	7884.993802752	1.0	1.163719	60	60	1600.0
1017.95836032	305.496943488	1.0	17.938484	60	60	1200.0
3030.677996544	2424.607092864	1.0	0.479118	60	60	1200.0
6759.888537600001	6320.349332352001	1.0	1.589832	60	60	1800.0
1441.597246848	3816.008900352	1.0	1.301103	60	60	1200.0
-6496.862182272001	-7791.585867648	1.0	1.49969	60	60	2200.0
-2700.224955648	-7173.895500288001	1.0	1.384855	60	60	2400.0
6816.3282316800005	6248.453498496	1.0	0.364598	60	60	2100.0
1554.922423296	501.819208704	1.0	0.894117	60	60	1200.0
-6956.64693504	2321.522172288	1.0	2.25375	60	60	1900.0
-6983.891519616001	5906.110624128	1.0	1.204186	60	60	2000.0
6997.046297471999	-6130.292243328	1.0	1.576456	60	60	3000.0
4690.952906112	-1051.276609152	1.0	1.781988	60	60	1200.0
6525.659783808001	-4156.744040064	1.0	1.395126	60	60	1800.0
-4503.890806272	6737.56693632	1.0	0.709344	60	60	1800.0
-1030.612632192	-4202.426878847999	1.0	1.118958	60	60	1200.0
-6528.081846528	-4947.755928192	1.0	0.746143	60	60	2400.0
3159.97108416	6014.902278527999	1.0	0.656323	60	60	1800.0
7778.311998336	5337.8319456	1.0	0.838432	60	60	2200.0
-6069.988514304	8040.219859584001	1.0	1.863669	60	60	2900.0
-5105.713041792001	-6412.6693509120005	1.0	1.647083	60	60	2600.0
-3539.336917248	-5845.985532288	1.0	0.969062	60	60	1800.0
-638.481482496	1790.527166208	1.0	1.966815	60	60	1200.0
-4484.644661376	1230.288770304	1.0	48.041847	60	60	1200.0
-3978.248478336	-5547.806275968	1.0	1.282387	60	60	2000.0
-6152.375661696	7634.488143744001	1.0	53.706789	60	60	3100.0
-5493.80956608	-3121.993784448	1.0	1.481738	60	60	1200.0
-2543.983402752	2397.9949804800003	1.0	1.068384	60	60	1200.0
-26.188854912	-3518.0436867840003	1.0	1.811593	60	60	1200.0
-7167.274659072	5255.050508928	1.0	19.394138	60	60	2600.0
-6127.519343616	3254.779148544	1.0	1.791911	60	60	2200.0
-4745.6947422719995	-2844.518738688	1.0	1.30488	60	60	1700.0
-640.417523328	-2245.398591744	1.0	35.802149	60	60	1200.0
-6985.803420288001	-1335.90036096	1.0	20.780913	60	60	1500.0
4215.6798266880005	7682.367737088	1.0	14.359818	60	60	2000.0
6207.352462080001	6798.664071936	1.0	2.241229	60	60	2900.0
-4607.3152984319995	7931.41854912	1.0	1.718228	60	60	1900.0
-1395.76795776	-2220.141547008	1.0	2.076442	60	60	1200.0
4743.93572928	-6751.706632704	1.0	1.572722	60	60	2100.0
6806.247300864	-5197.508414208	1.0	1.820122	60	60	2400.0
835.622903808	1701.0556865279998	1.0	1.00468	60	60	1200.0
-2224.9180800000004	1179.2098010880002	1.0	2.202944	60	60	1200.0
2985.650160768	5149.480761216	1.0	25.295841	60	60	1400.0
6129.300887424	5792.386330368	1.0	1.752081	60	60	2500.0
1576.5520066560002	2792.7944225280003	1.0	0.83905	60	60	1200.0
2592.381204864	7935.746075136	1.0	0.369314	60	60	2200.0
3131.041516416	-7426.803909888	1.0	1.255678	60	60	1600.0
565.1983941120001	-1903.04928	1.0	1.520131	60	60	1200.0
-1815.1790976	5458.09822272	1.0	53.007467	60	60	1400.0
1788.09383808	-1952.559138816	1.0	0.957065	60	60	1200.0
6618.390185088	-3773.132757504	1.0	1.231121	60	60	2200.0
-1624.261009536	-4898.5083924479995	1.0	1.397271	60	60	1600.0
3277.409743872	-6025.85064576	1.0	1.681836	60	60	1300.0
-5657.235230592	-6690.067148160001	1.0	52.399144	60	60	2300.0
-8005.945660416	-2988.0899262720004	1.0	2.061671	60	60	2200.0
1681.741949184	2920.037205888	1.0	1.196775	60	60	1200.0
-1134.276916608	4291.000344575999	1.0	1.410854	60	60	1200.0
7514.414987904001	2650.29183936	1.0	1.280895	60	60	2000.0
-1390.548855168	-601.851203712	1.0	1.364066	60	60	1200.0
-2141.961224832	-7519.387860864	1.0	0.664122	60	60	2100.0
-7354.999808640001	-2808.23285952	1.0	1.096533	60	60	1800.0
3083.43068352	6992.488635264	1.0	0.870447	60	60	1800.0
7914.317659775999	648.7523159039999	1.0	1.352816	60	60	1500.0
-1679.329542528	-1696.2051237120002	1.0	1.62435	60	60	1200.0
-4127.284998144	331.07424768	1.0	1.400702	60	60	1200.0
421.47753753600006	-5702.7844938240005	1.0	0.660798	60	60	1500.0
1226.49715584	-5278.147814016	1.0	16.146526	60	60	1300.0
6872.83229952	3359.2883385600003	1.0	0.756125	60	60	2100.0
6300.1697679359995	2796.172435584	1.0	1.971636	60	60	1700.0
-2649.87340992	-5995.873395072	1.0	0.222101	60	60	2000.0
-892.04328576	5683.5592704	1.0	0.985161	60	60	1200.0
-7537.203298944	933.155587584	1.0	1.502599	60	60	2000.0
-3017.3188320000004	2717.6605885440003	1.0	0.518819	60	60	1200.0
550.015842816	5403.618709632	1.0	1.130239	60	60	1600.0
1831.604062464	-511.369056	1.0	2.255896	60	60	1200.0
-6275.371386240001	4406.461120512	1.0	1.548592	60	60	2500.0
-1820.877784704	1849.532154624	1.0	0.904192	60	60	1200.0
-5383.27177344	-2370.013316352	1.0	0.432325	60	60	1600.0
-2161.088278272	4199.23715904	1.0	2.085758	60	60	1500.0
-1191.4456435200002	1322.34163776	1.0	1.379903	60	60	1200.0
4849.804814976001	-4400.049494016001	1.0	0.690523	60	60	2100.0
-1760.873393664	6627.997968768	1.0	0.992484	60	60	1700.0
4492.739661696	1103.7283488	1.0	1.747691	60	60	1200.0
-7627.27667328	-4902.684640128001	1.0	0.206587	60	60	2000.0
-6598.171996416	1770.611534208	1.0	15.880864	60	60	1900.0
6494.902001280001	-1968.247024128	1.0	0.411578	60	60	1600.0
5956.542637056	3482.404763904	1.0	0.424368	60	60	2100.0
-3848.141062656	271.098824832	1.0	0.593152	60	60	1200.0
2772.230224896	273.992425344	1.0	1.094795	60	60	1200.0
6522.632607744001	2918.535687936	1.0	1.203513	60	60	1800.0
6000.442322688001	2953.376376192	1.0	0.797929	60	60	1800.0
893.485257984	-7746.990945408	1.0	6.992897	60	60	1700.0
6157.842603264001	4474.930660992	1.0	0.598519	60	60	1600.0
1896.0888672	-2317.0353212160003	1.0	0.660207	60	60	1200.0
7511.094911232	4390.42722624	1.0	1.16109	60	60	2000.0
-5391.59208192	2530.445601024	1.0	7.614195	60	60	1300.0
-1401.38456832	7501.863714048	1.0	1.111779	60	60	1800.0
5647.901035392	5392.636546176001	1.0	1.514	60	60	2400.0
2950.1592975360004	1853.9481945600005	1.0	1.555266	60	60	1200.0
1171.607260032	5799.227651712001	1.0	1.157815	60	60	1400.0
4183.33684032	6475.132819584001	1.0	7.550598	60	60	1800.0
1629.67001472	1453.821823872	1.0	2.256385	60	60	1200.0
1231.666368768	7496.160198912001	1.0	35.857235	60	60	2100.0
2792.596473216	-6827.107617792	1.0	1.236919	60	60	2000.0
3145.5899861760004	7735.107549312	1.0	2.03318	60	60	2200.0
-1175.67407232	-5407.708052736	1.0	1.458221	60	60	1300.0
5528.344478976	-5294.207457792	1.0	1.326841	60	60	1900.0
5200.670775168	-5503.410912384	1.0	1.937244	60	60	1700.0
1142.059704192	-2193.4554048000005	1.0	1.055371	60	60	1200.0
-4587.814877184	5468.478491520001	1.0	0.87399	60	60	2100.0
1438.93861056	-3712.280242176	1.0	2.125905	60	60	1200.0
-7949.290314240001	4032.51716736	1.0	0.776105	60	60	2300.0
7752.8940192	-5519.89703232	1.0	0.615662	60	60	2200.0
5190.097385088	-2869.222169088	1.0	1.280434	60	60	1500.0
-7797.910589568	-4659.023521152	1.0	1.218289	60	60	1900.0
7927.792697088001	-1222.364360448	1.0	0.671315	60	60	1900.0
4133.035184256	2811.565810944	1.0	0.272971	60	60	1200.0
5293.451066112	-1922.784665472	1.0	1.158724	60	60	1500.0
1481.78739456	-7556.483240064001	1.0	0.880625	60	60	2000.0
3520.3804542720004	-7057.506132864	1.0	0.65219	60	60	2500.0
-8018.3955456	3990.656520576	1.0	1.520878	60	60	2600.0
4365.994165632	8016.857012736	1.0	2.120535	60	60	1800.0
-1270.795958784	-343.25698176000003	1.0	0.963611	60	60	1200.0
7812.227313792	6565.071009024	1.0	1.959259	60	60	2800.0
1398.49579584	-5041.826913024	1.0	0.511999	60	60	1300.0
-1693.409693184	3596.347928448	1.0	1.57648	60	60	1200.0
4263.190880256	7757.239248	1.0	46.804111	60	60	2300.0
-2802.514860288	-4124.430021888	1.0	1.355429	60	60	1600.0
5977.906678656001	-4557.2196384	1.0	50.845798	60	60	1500.0
1779.264976896	3924.745837056	1.0	9.584292	60	60	1200.0
993.998446848	1449.212662656	1.0	56.20974	60	60	1200.0
-1781.827052544	-3771.745502976	1.0	0.925497	60	60	1200.0
-4360.882889088	1200.396814848	1.0	1.12403	60	60	1200.0
5006.746432512	4569.931846656001	1.0	0.802167	60	60	1600.0
-5018.657187456	-4925.545371648001	1.0	0.354935	60	60	1400.0
-4120.179744384	2606.974736256	1.0	0.967392	60	60	1200.0
5301.7102195200005	-735.473426688	1.0	51.667681	60	60	1700.0
2373.14670912	2039.898237696	1.0	0.848982	60	60	1200.0
4721.736438144	-1762.531017984	1.0	0.631995	60	60	1500.0
-5034.642801408	-1643.73568128	1.0	2.71059	60	60	1200.0
3570.5066918400003	-1184.3790140160002	1.0	0.616268	60	60	1200.0
7947.775921536001	1465.294837248	1.0	22.316536	60	60	2300.0
-130.30858368	1412.13498624	1.0	1.22207	60	60	1200.0
5090.623832448	620.395674624	1.0	0.635832	60	60	1200.0
-7667.090234496	-112.264618752	1.0	1.222519	60	60	2100.0
-1217.256302592	-1465.502442624	1.0	1.025856	60	60	1200.0
356.464867968	-7405.352963712001	1.0	1.346482	60	60	2300.0
-4657.990322304	-6493.963753728	1.0	45.229896	60	60	1800.0
-4479.940548864	1767.668044032	1.0	1.478228	60	60	1200.0
-4783.023476352	-800.635765248	1.0	2.017584	60	60	1500.0
2249.6038076160003	6261.131910528	1.0	0.870511	60	60	2100.0
-2372.588266752	4559.583764736	1.0	1.851382	60	60	1200.0
5067.320531328	-5208.50506176	1.0	0.540794	60	60	1700.0
7525.168624512	-4109.012506368	1.0	0.293156	60	60	1800.0
4757.463874944	-4828.188106368	1.0	0.88565	60	60	2200.0
5949.51141312	2779.000735104	1.0	10.074926	60	60	2000.0
-6608.262583296	-512.413520256	1.0	1.85687	60	60	2100.0
5806.572697728	-4149.899500032	1.0	1.325667	60	60	1900.0
7977.143230848001	1525.402226304	1.0	59.972375	60	60	2400.0
-5829.111560448	-5875.212828672001	1.0	0.682003	60	60	2400.0
-6232.900798080001	-2490.627211776	1.0	0.725532	60	60	2100.0
-6265.0764126720005	257.99554598400005	1.0	0.23821	60	60	1800.0
-7323.216873984001	2701.0972200960005	1.0	0.225333	60	60	1800.0
-7275.24072	6973.900712064001	1.0	0.36101	60	60	2700.0
-3433.5820949759996	1772.518606848	1.0	40.95086	60	60	1200.0
3186.472151808	2573.318525184	1.0	1.080858	60	60	1300.0
5095.366569216	6147.9692778240005	1.0	0.234512	60	60	1900.0
-3862.2035105280006	4035.248224128	1.0	1.110981	60	60	1300.0
457.699042944	-2659.809499776	1.0	1.637866	60	60	1200.0
5603.299675776	-2454.688950912	1.0	1.138806	60	60	1800.0
3378.944866176	-5188.665068928	1.0	10.872542	60	60	1800.0
7600.526157312001	7876.522215935999	1.0	1.300474	60	60	3400.0
-3351.866044032	7507.266281856001	1.0	1.776279	60	60	1700.0
-3187.947920256	6747.5336037120005	1.0	0.580681	60	60	1700.0
5080.705445376	5804.33249088	1.0	0.893006	60	60	1900.0
5421.422882304	-6365.83261248	1.0	7.1554	60	60	1800.0
2294.2132139520004	158.89857984	1.0	0.495521	60	60	1200.0
-242.621482752	-5341.205130624	1.0	0.405376	60	60	1300.0
7242.912217728	-98.900626176	1.0	1.045959	60	60	1400.0
-2195.204761728	-4925.838272256	1.0	0.367212	60	60	1200.0
7260.112886399999	-6739.733113344	1.0	1.94269	60	60	2600.0
7820.523482112001	7318.179627264	1.0	28.143528	60	60	2600.0
503.7166252800001	5032.368798336	1.0	0.656525	60	60	1300.0
931.14229824	-5465.50120512	1.0	46.847165	60	60	1800.0
7851.612789504	1587.34426752	1.0	1.143533	60	60	1600.0
-3638.176388352	4945.04740224	1.0	1.887248	60	60	1500.0
-2123.606656512	-5188.945094784	1.0	1.763145	60	60	1500.0
7666.074738432	1752.163623936	1.0	34.501693	60	60	2100.0
-2121.145969536	-1231.170690816	1.0	1.260953	60	60	1200.0
6431.926761216	-7408.739023488	1.0	2.111349	60	60	2600.0
5464.662736896	-4524.593407488001	1.0	55.575119	60	60	2200.0
4339.65242304	-2545.758509184	1.0	1.664665	60	60	1200.0
153.67625856	7264.976323968	1.0	1.774436	60	60	1400.0
-1843.936465536	4088.766958848	1.0	2.249998	60	60	1200.0
2844.29021184	184.464618624	1.0	1.460696	60	60	1200.0
-1793.4658283520002	-204.53313830400003	1.0	0.686752	60	60	1200.0
-2970.7926969600003	-5354.210239488	1.0	0.353533	60	60	1600.0
3953.64321792	3306.303906048	1.0	2.099064	60	60	1600.0
-2454.196491648	5473.699203456001	1.0	1.882467	60	60	1500.0
2161.302321024	2263.675911552	1.0	0.251126	60	60	1200.0
5972.256271872	394.646554368	1.0	0.224637	60	60	1800.0
-6480.895880448	-4673.393353728	1.0	0.829082	60	60	2000.0
-2038.514201856	-307.265612544	1.0	0.757873	60	60	1200.0
1840.310613504	-262.437335424	1.0	1.416926	60	60	1200.0
4853.721958272001	320.177379456	1.0	2.035329	60	60	1600.0
5682.775519872	1045.51837632	1.0	37.768764	60	60	1300.0
4046.933670912	-3022.4799982080003	1.0	0.460247	60	60	1300.0
7581.7805184	1844.144070912	1.0	1.965013	60	60	2200.0
8002.302105600001	-5836.59983808	1.0	0.524849	60	60	2500.0
8020.66472064	1852.802341632	1.0	19.914327	60	60	2500.0
-6987.573698688	4712.1994656	1.0	0.257042	60	60	2600.0
1530.95285376	2143.6252865280003	1.0	0.80763	60	60	1200.0
-2712.649091328	2818.238151168	1.0	1.269939	60	60	1200.0
-4611.657308544	1514.9189594880002	1.0	1.728841	60	60	1200.0
-1039.237106688	-1464.305090688	1.0	1.96038	60	60	1200.0
-3099.00108672	1427.156603136	1.0	1.698466	60	60	1200.0
-6480.483888384001	4206.867058944	1.0	1.689389	60	60	1600.0
1609.342390656	-4194.166116096	1.0	53.199706	60	60	1200.0
2420.6561533440004	2442.572199936	1.0	1.783333	60	60	1200.0
-3014.404310016	7798.768369920001	1.0	2.061096	60	60	1800.0
-1850.082550272	-1887.282536832	1.0	1.077529	60	60	1200.0
816.682534272	-834.26783616	1.0	1.380392	60	60	1200.0
4045.308233472	-7465.413681792	1.0	48.78864	60	60	2500.0
2973.348335232	-4726.86058944	1.0	1.623595	60	60	1300.0
-2950.307357184	-6562.850114304	1.0	1.261282	60	60	1500.0
2507.01194304	-4952.511539712001	1.0	1.816834	60	60	1300.0
-3791.250752256	-6950.7519079680005	1.0	1.462365	60	60	1900.0
130.910478336	-28.334110464	1.0	0.637356	60	60	1200.0
-63.638289792	3467.590752384	1.0	1.330598	60	60	1200.0
1471.244582016	-2088.036935424	1.0	31.980663	60	60	1200.0
2339.7592584960003	-435.6091872	1.0	0.54537	60	60	1200.0
1334.587136256	624.219475968	1.0	0.765075	60	60	1200.0
-6185.672989056001	6718.642660224	1.0	0.408443	60	60	1900.0
4090.294226304	3146.949881856	1.0	51.004357	60	60	1200.0
-7655.572159488001	4163.15566656	1.0	0.451883	60	60	1800.0
-7020.734231808	-4738.336821504	1.0	34.382524	60	60	2200.0
7423.506364032	7515.438530687999	1.0	0.528299	60	60	2600.0
-3749.92440768	-6351.808788864	1.0	0.207751	60	60	1600.0
-1710.164573568	2236.830444288	1.0	35.685959	60	60	1200.0
4800.317486976	-907.245149184	1.0	2.179871	60	60	1200.0
-2161.569472128	-2680.39461888	1.0	8.471849	60	60	1200.0
6869.240243712	-6830.170199424	1.0	0.536992	60	60	2100.0
4142.206835712	-979.047641088	1.0	0.970214	60	60	1200.0
-4754.42060544	4242.98717568	1.0	0.671722	60	60	1400.0
6930.92961792	1730.466448128	1.0	0.317465	60	60	2200.0
-119.706225408	-3943.827828864	1.0	1.470024	60	60	1200.0
-6497.15508288	-3479.070203136	1.0	0.922656	60	60	1800.0
-5941.08649728	1607.810295168	1.0	1.202314	60	60	1800.0
-132.431308416	-1321.5675432960002	1.0	1.245034	60	60	1200.0
801.913584384	728.175051648	1.0	2.022423	60	60	1200.0
37.751991552	-1524.7906755840002	1.0	0.279121	60	60	1200.0
-5517.689012352	-2293.690177152	1.0	0.386276	60	60	1900.0
-6558.6609918720005	6262.878048768001	1.0	1.079333	60	60	2400.0
5620.814166528	-3611.855567232	1.0	0.92808	60	60	2000.0
4389.170328576	2541.356953344	1.0	1.504268	60	60	1200.0
1371.349381248	-7414.822343808001	1.0	1.0427	60	60	2000.0
2356.287221376	-2987.1774282240003	1.0	2.199436	60	60	1200.0
4209.189342336	1418.2134785280002	1.0	2.23023	60	60	1200.0
-4653.083432448	1256.168631168	1.0	1.174151	60	60	1200.0
7208.430413184	7290.667891584001	1.0	1.713472	60	60	3200.0
5760.617879808	-2027.4918048	1.0	2.080102	60	60	1400.0
-3126.98757888	-2253.17816064	1.0	1.35756	60	60	1200.0
-627.090545664	-629.362939392	1.0	1.806154	60	60	1200.0
7541.437483008	2706.655894272	1.0	0.950897	60	60	2000.0
-7699.484719872001	730.9238112	1.0	0.608819	60	60	2000.0
-19.05463296	-4545.796514688001	1.0	0.381814	60	60	1200.0
-2333.695250304	6954.791361408001	1.0	1.87061	60	60	2100.0
452.428441344	6005.400711552001	1.0	0.740115	60	60	1400.0
-404.442631296	-5265.495151488	1.0	1.620967	60	60	1400.0
5307.6696203520005	-1749.068855424	1.0	30.116956	60	60	1300.0
4825.59384384	-6606.712785024	1.0	2.263369	60	60	2000.0
7757.076704256	6847.092451584	1.0	15.928829	60	60	2000.0
4590.232111872	-599.3197056	1.0	1.275937	60	60	1200.0
-3694.374680832	5343.339120768	1.0	0.770847	60	60	1800.0
5806.286234496	6921.32183424	1.0	1.031783	60	60	2100.0
-6415.168662144	7464.166440192	1.0	1.891371	60	60	1900.0
5806.373139072	-5789.04372288	1.0	2.011246	60	60	1600.0
6554.541071232001	-6858.526840704	1.0	1.183718	60	60	2600.0
4366.0681954560005	1483.020152064	1.0	1.215032	60	60	1200.0
-7141.404454272	2051.9667083520003	1.0	20.119491	60	60	1700.0
-7198.085549952	-180.634379904	1.0	5.310948	60	60	1500.0
3930.68592576	3236.633794944	1.0	1.668477	60	60	1200.0
-1964.975227776	-4104.644746752	1.0	20.223856	60	60	1200.0
-5623.448662656	-7791.695303040001	1.0	0.427068	60	60	1900.0
-2543.305868928	-3007.955668608	1.0	1.478165	60	60	1200.0
-3843.131174784001	-6437.50474752	1.0	9.506816	60	60	2200.0
3866.461834752	6501.191317632	1.0	1.872547	60	60	1900.0
7077.761336447999	1261.947785472	1.0	0.933807	60	60	1600.0
-5366.098463616	3831.814267776	1.0	1.400495	60	60	1900.0
-3808.546372224	3437.045403264	1.0	13.813787	60	60	1200.0
7615.35143424	6730.789988736	1.0	1.879394	60	60	2300.0
-5624.91477504	2936.048569344	1.0	1.772237	60	60	2000.0
-7468.085192832	8010.054315648	1.0	0.992267	60	60	2900.0
-5477.790155904	4686.293855232	1.0	0.875227	60	60	1700.0
2339.574183936	493.106220288	1.0	11.895148	60	60	1200.0
-7341.405679872	-1858.41412416	1.0	0.628259	60	60	1600.0
329.664462336	7301.411872128	1.0	0.329935	60	60	1400.0
-5066.364580992	-608.7987417600001	1.0	1.319648	60	60	1400.0
2526.322461696	-2643.585702912	1.0	1.890215	60	60	1200.0
-2305.823021568	5042.245342464001	1.0	38.192591	60	60	1700.0
-732.9016949759999	4469.0565553920005	1.0	34.525097	60	60	1200.0
-416.390401152	-1830.372914304	1.0	0.679391	60	60	1200.0
7532.914397183999	-7871.192068608001	1.0	1.096552	60	60	2900.0
-7279.035553152	-3320.722018944	1.0	1.674285	60	60	1600.0
3226.821624576	-6834.608770176	1.0	1.676353	60	60	2300.0
2201.270379264	5358.727668096	1.0	0.645614	60	60	1400.0
-330.007252608	-3648.1205249280006	1.0	1.099705	60	60	1200.0
-5889.22538688	-7424.517032064001	1.0	0.592709	60	60	2900.0
-3258.7300880640005	2882.732611968	1.0	1.363831	60	60	1200.0
-12.000878208	6014.594893824001	1.0	1.634214	60	60	1600.0
-1065.1749039360002	1102.881833856	1.0	2.137668	60	60	1200.0
-3676.8199564800007	-2433.9911777280004	1.0	0.384609	60	60	1200.0
6087.712219776	5217.765227136	1.0	0.879793	60	60	2500.0
-5243.286204288	6568.939872000001	1.0	0.333296	60	60	1900.0
7598.818643328001	5291.8465501440005	1.0	2.135753	60	60	1900.0
-2301.674132736	-2521.038985344	1.0	30.900524	60	60	1200.0
6600.737290752	-2318.44510656	1.0	0.659359	60	60	2200.0
1509.66123264	-2285.820484992	1.0	7.865183	60	60	1200.0
-5927.572835712	603.7856352	1.0	1.654789	60	60	1600.0
-2191.6835170560003	-6174.650592	1.0	1.596363	60	60	1800.0
-3847.585838976001	3207.786303744	1.0	17.576953	60	60	1200.0
7386.13256832	5963.272913664	1.0	0.557159	60	60	3000.0
-6594.499473408	2711.673828864	1.0	2.175263	60	60	1700.0
-864.401193216	-1906.121517696	1.0	0.584075	60	60	1200.0
3261.016965888	7739.444731392	1.0	0.50782	60	60	2100.0
-2504.049140736	2653.296484608	1.0	1.964977	60	60	1200.0
2869.225387776	-5202.474849792	1.0	0.626031	60	60	1300.0
269.767897344	-138.606361344	1.0	0.953988	60	60	1200.0
-6668.79162048	-4522.277561472	1.0	0.954057	60	60	2000.0
5225.97449088	-5601.14476416	1.0	1.833008	60	60	2400.0
-1265.248550016	-6741.342457344	1.0	53.686064	60	60	1600.0
-1141.3869984	-3925.886861952	1.0	1.357568	60	60	1200.0
-1172.580913152	6025.612462848	1.0	0.202136	60	60	1900.0
6995.956771584	-2596.980710016	1.0	11.955322	60	60	1700.0
5221.032195456	757.592250624	1.0	0.5233	60	60	1400.0
-3609.140603904	-2472.164817408	1.0	59.107028	60	60	1200.0
596.715787008	-3364.92104256	1.0	0.220399	60	60	1200.0
1902.403933056	-7804.412339328001	1.0	1.527457	60	60	1600.0
-2278.021603968	-927.495524736	1.0	1.141326	60	60	1200.0
4643.776596096	-4509.497760768	1.0	0.383032	60	60	2000.0
-1690.424360064	5105.416922496001	1.0	1.259197	60	60	1200.0
-7623.320905728001	-5306.6509056	1.0	12.394615	60	60	2300.0
-4581.33565824	-3914.486269056	1.0	4.665394	60	60	1500.0
-2614.940989056	3494.51346816	1.0	32.621548	60	60	1300.0
6379.990011648	5980.436567424	1.0	2.267196	60	60	2800.0
-1484.391313152	6723.687953664001	1.0	1.032173	60	60	2200.0
2450.99872512	-6530.473331712	1.0	9.514214	60	60	1700.0
6207.189918336	-6184.350108288	1.0	1.661078	60	60	2300.0
3162.702140928	-694.917957888	1.0	0.948591	60	60	1200.0
2086.2907971840004	-5612.553403776	1.0	2.0685	60	60	1600.0
1319.1390432	6892.529060736	1.0	1.813009	60	60	2200.0
5204.470436352	-2302.969654656	1.0	25.025941	60	60	1200.0
2620.18905984	1352.615007744	1.0	1.611255	60	60	1200.0
3495.74461632	-3742.506941184	1.0	1.831585	60	60	1400.0
-539.4907330560001	1805.70006144	1.0	1.669298	60	60	1200.0
-3211.3622661120003	2412.075131136	1.0	1.015156	60	60	1200.0
-1685.422518912	2868.847191936	1.0	1.682033	60	60	1200.0
-3470.7547226879997	2281.81643712	1.0	53.785617	60	60	1200.0
3217.4101808640003	4472.999448191999	1.0	1.588497	60	60	1400.0
-7568.110750464	1304.007990912	1.0	4.90596	60	60	1900.0
-1327.74098688	-7458.078291840001	1.0	9.604679	60	60	1600.0
2850.4668741120004	-4874.682054528	1.0	39.376594	60	60	1200.0
-4894.887368448	4935.219138432	1.0	1.09073	60	60	1600.0
1142.391229056	2509.34549184	1.0	2.269918	60	60	1200.0
5988.735954432	-1642.7942150400002	1.0	0.762358	60	60	1800.0
87.42117542400001	-4772.884609152001	1.0	1.156714	60	60	1500.0
5618.520851328	594.375800832	1.0	49.093331	60	60	1400.0
-5461.447267584	1720.250332416	1.0	0.388879	60	60	1200.0
-7563.565963008	-3308.9866824960004	1.0	1.287967	60	60	1600.0
-4464.6807490559995	1018.49749056	1.0	1.810763	60	60	1200.0
-4218.74240832	-6734.720006784	1.0	0.55149	60	60	2200.0
-1334.046396672	2871.710214912	1.0	25.620682	60	60	1200.0
-1921.175321472	1745.2064298240002	1.0	41.6863	60	60	1200.0
2133.174206592	4470.496918272001	1.0	42.995394	60	60	1300.0
1100.191010688	-4166.042829696	1.0	1.548631	60	60	1200.0
-1299.27973824	1411.584590592	1.0	0.995388	60	60	1200.0
4988.63648448	4590.1902689280005	1.0	1.546592	60	60	1300.0
1514.992989312	-3702.553367040001	1.0	1.345557	60	60	1200.0
-6216.58204992	-2081.7653218560004	1.0	0.963874	60	60	1400.0
-2412.654494976	-1696.78770624	1.0	0.925234	60	60	1200.0
-2873.609240832	7712.457641856	1.0	0.589339	60	60	2300.0
5048.883886464	-2205.816776064	1.0	0.897541	60	60	1200.0
1993.219214976	-2594.082281472	1.0	1.850808	60	60	1200.0
-401.709965184	7388.440367616	1.0	23.278812	60	60	1600.0
-2624.154483456	7371.540646272	1.0	0.398339	60	60	2000.0
-1844.482033152	-384.501249792	1.0	0.401551	60	60	1200.0
1865.170150272	3553.204634496	1.0	0.657609	60	60	1200.0
2270.546201088	-3757.872957696	1.0	2.144981	60	60	1200.0
-4017.254148864	5282.673289344	1.0	55.849663	60	60	2000.0
4332.614761728	-6144.80530752	1.0	2.066446	60	60	1600.0
-3251.1693899519996	5003.252546688001	1.0	2.087193	60	60	1500.0
469.86246489600006	1659.325396608	1.0	13.967954	60	60	1200.0
8001.880457472001	3374.2842059520003	1.0	44.076047	60	60	2700.0
3909.696861312	-4287.706017408001	1.0	33.733573	60	60	1200.0
-52.25539968	-5780.805490944001	1.0	1.380102	60	60	1600.0
1656.88402176	5917.625480448	1.0	0.656384	60	60	1500.0
-7117.032548736	7849.805496192	1.0	0.419109	60	60	2300.0
2780.542486656	-6815.365843968	1.0	0.376967	60	60	2100.0
1934.145024768	-7893.850022784	1.0	32.376042	60	60	2300.0
5464.635378047999	-2100.1826545920003	1.0	0.334027	60	60	1400.0
-7291.255302144	-5629.723494912	1.0	1.481954	60	60	1800.0
-3181.60066752	2379.74501952	1.0	1.487816	60	60	1200.0
-1242.3829904640002	-6548.407861248	1.0	0.336782	60	60	1600.0
370.966666752	1959.933153024	1.0	18.753029	60	60	1200.0
-7923.650245632	422.4930336000001	1.0	1.234139	60	60	1900.0
2342.936103552	-3639.92574528	1.0	0.692892	60	60	1200.0
772.1986567680001	-6581.674611072	1.0	1.948595	60	60	1600.0
-4292.926729344001	3007.1799648	1.0	1.125957	60	60	1200.0
-7762.205683583999	3475.4459604480003	1.0	34.52147	60	60	2700.0
-2418.113389824	4626.946076544	1.0	0.994035	60	60	1200.0
-5201.370839808	7193.561683968	1.0	0.558839	60	60	2700.0
3360.908947968	-7073.673602688	1.0	59.3375	60	60	2000.0
7124.301955584	-7054.194102912	1.0	1.132587	60	60	2300.0
-5683.83285888	4756.683343104	1.0	1.839305	60	60	2100.0
5983.381666944	-6698.512985472001	1.0	43.364531	60	60	2800.0
5611.309380864	3003.531581952	1.0	32.465925	60	60	1600.0
549.24496704	-2581.236497664	1.0	1.718903	60	60	1200.0
-7678.654980480001	-1330.449512832	1.0	0.337935	60	60	2300.0
4231.417601664	6204.013073280001	1.0	1.872347	60	60	2100.0
-4170.304372608	-4625.032566528	1.0	0.682183	60	60	1400.0
3350.137608576	7087.507523712	1.0	0.30596	60	60	2500.0
2177.680614912	-4323.47851584	1.0	0.700262	60	60	1200.0
-6291.61771392	-5015.171348352001	1.0	1.556432	60	60	1600.0
6459.9116440319995	-4528.951511040001	1.0	2.201495	60	60	2200.0
-580.7881094400001	-7628.20204608	1.0	1.521251	60	60	2400.0
-3511.088102016	1414.9931811840002	1.0	0.691356	60	60	1200.0
-1304.96876928	-4588.978432896	1.0	1.721782	60	60	1200.0
7506.810837504	-3891.277919232	1.0	2.154279	60	60	1700.0
1221.1139001600002	6381.94214592	1.0	1.078061	60	60	1300.0
5082.00257664	-182.182568832	1.0	0.916067	60	60	1600.0
-2985.690394368	5668.178769792	1.0	1.157966	60	60	1400.0
4741.854847488	5562.090813312	1.0	0.823367	60	60	1900.0
-8036.439510528	-7800.282762624	1.0	1.743017	60	60	2700.0
-4785.5453184	578.121426432	1.0	1.48891	60	60	1300.0
-4392.73663488	7484.996179584	1.0	2.74801	60	60	2500.0
-5645.736467712	5968.451782656	1.0	1.825601	60	60	1600.0
3380.254872192	-3079.748504448	1.0	0.536962	60	60	1200.0
-1579.460091264	-6046.722228096	1.0	2.088612	60	60	1400.0
1461.343897728	7072.246114560001	1.0	1.12303	60	60	1500.0
5803.426430208	5722.917387264	1.0	0.91604	60	60	2400.0
7883.659656575999	3901.059512064	1.0	33.006467	60	60	2600.0
5650.580593152001	7034.693681664	1.0	1.801722	60	60	2700.0
2116.366217856	59.993125632	1.0	1.139793	60	60	1200.0
-6404.120515584	595.962614016	1.0	2.982491	60	60	1800.0
-6401.619595008	-6232.8332056320005	1.0	0.974644	60	60	2400.0
-2771.967901824	851.93038656	1.0	0.422421	60	60	1200.0
6254.684878464	4388.716493568	1.0	27.883313	60	60	2000.0
-6629.925962880001	-2336.42147904	1.0	1.88929	60	60	1800.0
-2976.28860672	5867.238529152	1.0	9.252674	60	60	2100.0
-1636.7945806080002	-3225.638756736	1.0	1.185584	60	60	1200.0
468.412445952	238.717214208	1.0	0.705303	60	60	1200.0
5165.212098816	-2644.3549693440004	1.0	10.851472	60	60	1400.0
-5551.370972928	2128.243176576	1.0	51.279328	60	60	1200.0
-6504.66267264	-7450.112039040001	1.0	0.242044	60	60	2600.0
-5632.113370752	4858.284448512	1.0	1.406242	60	60	1600.0
-6397.687967616	5633.564999040001	1.0	1.132117	60	60	1900.0
3073.142147328	-5656.557696768	1.0	0.6673	60	60	2000.0
-112.1712768	-2932.40984256	1.0	0.909484	60	60	1200.0
-399.416649984	7207.19765568	1.0	1.620983	60	60	2300.0
-2045.695094784	-6967.432758528	1.0	1.412483	60	60	1400.0
-312.111347328	5818.504374144	1.0	2.178894	60	60	1300.0
-7934.114200320001	-7212.353993856001	1.0	2.042383	60	60	2900.0
7029.575967744	-4339.9581984	1.0	0.649465	60	60	1700.0
-300.31002777599997	-6794.988330239999	1.0	23.610712	60	60	1500.0
173.936290176	-2740.014376704	1.0	1.393344	60	60	1200.0
-5173.1767422719995	787.542142464	1.0	1.2413	60	60	1500.0
-5473.100527488	-7166.5295328	1.0	1.569922	60	60	2300.0
658.578970368	-327.26814912000003	1.0	2.084656	60	60	1200.0
4238.807709312	7453.070013312	1.0	55.663862	60	60	2300.0
-577.599998976	2027.19407616	1.0	0.249536	60	60	1200.0
5010.2161781760005	354.464453376	1.0	1.976911	60	60	1400.0
-2067.847714944	-5958.609034752	1.0	54.104033	60	60	1800.0
5377.252826880001	-364.21868736	1.0	1.330109	60	60	1600.0
7324.118106624	4578.585289344	1.0	0.922318	60	60	2700.0
-2242.84617216	2547.123232896	1.0	4.855489	60	60	1200.0
4540.384290816	-1586.565345024	1.0	0.255247	60	60	1200.0
-7306.333246080001	447.70179801600005	1.0	0.72101	60	60	2300.0
1028.2597712640002	-4521.566231424	1.0	0.489692	60	60	1200.0
-5228.407819008	2178.071685504	1.0	1.333009	60	60	1300.0
-2034.54073152	-6709.203857664	1.0	1.775484	60	60	2100.0
-606.846607488	-5656.660694784	1.0	0.903082	60	60	1800.0
5205.80941056	5102.021206656001	1.0	2.096355	60	60	2300.0
-4343.250916223999	-3223.6335141120003	1.0	2.065259	60	60	1300.0
-564.602936832	1567.182405888	1.0	37.142377	60	60	1200.0
-2839.803360768	2185.84320768	1.0	1.885325	60	60	1200.0
-5862.801567744	-7089.414596352	1.0	1.508284	60	60	1800.0
-7844.536503936	3230.8385472000004	1.0	2.049215	60	60	1800.0
6596.808882048	3311.9575315200004	1.0	1.796949	60	60	2000.0
-2263.7563787520003	-5295.440215296	1.0	56.983169	60	60	1800.0
3877.149488256001	-6285.508644096	1.0	1.16018	60	60	2000.0
-7812.296515584	-2386.620137088	1.0	1.050881	60	60	2200.0
7843.743097344	-6889.413370752	1.0	0.448539	60	60	3200.0
6037.481374848	-5000.894857728	1.0	0.658065	60	60	2300.0
7580.768241024	-7146.6139008	1.0	7.686433	60	60	2900.0
-3415.409382528	3317.036621184	1.0	59.275496	60	60	1200.0
-3841.311006720001	-5648.29049664	1.0	1.61043	60	60	1500.0
6242.857809408	7039.882206720001	1.0	0.872031	60	60	2000.0
-5522.37542208	3224.138848128	1.0	1.446032	60	60	1500.0
-4162.2158096640005	4398.491649024	1.0	1.675463	60	60	1300.0
1261.281517056	2994.2456670720003	1.0	0.933458	60	60	1200.0
-6589.158060672	-1846.855815552	1.0	0.780976	60	60	2200.0
6217.04875968	-159.069170304	1.0	2.063011	60	60	1400.0
-3930.50889792	5710.329098496	1.0	57.432855	60	60	1800.0
56.220823296	3262.130631936001	1.0	40.727883	60	60	1200.0
-6586.967743488	6808.630739327999	1.0	2.016698	60	60	2400.0
5641.2351325439995	4797.095580288	1.0	0.6746	60	60	1400.0
-7314.724365696	-3302.940377088	1.0	56.437023	60	60	2500.0
-5914.154125440001	-317.254810752	1.0	1.63665	60	60	1300.0
-6874.6106246399995	-865.5035938560001	1.0	1.374443	60	60	1600.0
4050.780003072	-5793.625525248	1.0	2.21505	60	60	2200.0
1847.013531264	-5486.247258624	1.0	2.164934	60	60	1300.0
5578.40473344	6626.815100928	1.0	0.386435	60	60	2000.0
-1414.507159296	-977.166317952	1.0	0.591142	60	60	1200.0
-1591.256582784	896.7136020480001	1.0	2.222387	60	60	1200.0
-3642.069391488	890.520846336	1.0	1.963918	60	60	1200.0
2971.338264576	1183.059351936	1.0	0.775464	60	60	1200.0
7741.152245376	1307.324848896	1.0	0.682685	60	60	1900.0
5920.231008384	2100.020110848	1.0	1.444218	60	60	1400.0
-4614.116386176	7188.93160128	1.0	57.510488	60	60	2100.0
6667.613580671999	5623.14449664	1.0	44.927182	60	60	2400.0
7613.87083776	-2775.719282688	1.0	0.511046	60	60	2300.0
3742.743514752	2389.681109376	1.0	1.253196	60	60	1200.0
-4547.25779904	653.271353856	1.0	0.707193	60	60	1200.0
-5151.448988928	430.52366016	1.0	48.511557	60	60	1200.0
2301.08833152	-5905.259281152	1.0	1.678795	60	60	1300.0
-7787.881157760001	2325.77566848	1.0	2.159124	60	60	2100.0
-2992.652416512	-1031.333618304	1.0	1.058263	60	60	1200.0
-3147.022302336	-1498.54871232	1.0	0.410294	60	60	1200.0
4609.473428736	5533.212744576	1.0	0.418917	60	60	2000.0
-6023.584689408	31.903635456000004	1.0	54.504871	60	60	1500.0
2655.7523435519997	-3227.108087808	1.0	2.166324	60	60	1200.0
-367.67073024	4153.56397632	1.0	1.547443	60	60	1200.0
3415.790797056	-7611.299106048	1.0	1.101298	60	60	2400.0
-4413.363596928	-2166.32186496	1.0	0.755392	60	60	1200.0
-987.261732864	-4859.36592768	1.0	0.920108	60	60	1200.0
5090.208621696	1627.9689381120002	1.0	1.825557	60	60	1200.0
4367.569713408	-7796.887046784001	1.0	1.571357	60	60	2200.0
-3672.460243584	-579.038752512	1.0	4.525428	60	60	1200.0
7868.506073472	860.7125767680001	1.0	49.562873	60	60	2100.0
4747.7321717760005	-3438.97500672	1.0	1.898499	60	60	1400.0
2350.625549184	2499.467338368	1.0	1.017195	60	60	1200.0
-5503.558972032	4337.120924928	1.0	1.737145	60	60	1900.0
-1576.418431104	-5519.723223168001	1.0	0.378945	60	60	1700.0
6471.141646464	5712.070408704	1.0	0.57119	60	60	1900.0
-1783.315695744	-1754.741793024	1.0	1.454253	60	60	1200.0
-7905.442127616	8015.030407296001	1.0	2.099933	60	60	2500.0
4321.785485952	-5986.246299264	1.0	1.116831	60	60	2000.0
5221.449015552	5761.82971584	1.0	1.167002	60	60	1800.0
6239.054929536	1388.4213024	1.0	1.319178	60	60	1700.0
5498.038922112	6634.655824896	1.0	20.738205	60	60	2500.0
5279.620363776	-2341.980153216	1.0	14.630897	60	60	1400.0
-1114.1247110400002	-1817.388726912	1.0	1.270669	60	60	1200.0
-6478.337023487999	8033.613502464001	1.0	9.071257	60	60	3000.0
-1506.036989952	2925.977294592	1.0	45.958344	60	60	1200.0
7159.147471872001	1551.003670656	1.0	0.685237	60	60	2000.0
230.606120448	-5067.627916032	1.0	37.1317	60	60	1600.0
-4374.288724608	5927.7852691200005	1.0	0.393447	60	60	1900.0
-4619.761964928	767.48006016	1.0	16.205656	60	60	1200.0
6278.30039232	7778.880096768001	1.0	1.548007	60	60	2400.0
-6339.629273472	7512.3775584	1.0	0.696284	60	60	2600.0
5329.819021824001	1715.773137408	1.0	42.779016	60	60	1400.0
-2672.536192128	764.159983488	1.0	0.831694	60	60	1200.0
-5182.506109440001	-598.5842353920001	1.0	1.948268	60	60	1500.0
-3868.1387712	1013.490821376	1.0	0.891946	60	60	1200.0
-4957.098170112001	1474.82698176	1.0	0.716394	60	60	1200.0
-7237.545055488	2719.4711005440004	1.0	40.533924	60	60	2000.0
6234.685560576	-5091.4011456	1.0	2.169826	60	60	1700.0
-7389.768076416	7850.566715904	1.0	2.237945	60	60	3300.0
5137.36401024	5974.935829632001	1.0	0.677948	60	60	2100.0
-5383.406958336001	-4950.689762304	1.0	0.592083	60	60	1600.0
-6046.057569024	7309.925301888	1.0	0.870863	60	60	2100.0
2984.8905504	7212.571255295999	1.0	1.005043	60	60	1900.0
2730.321297792	-6719.5970012160005	1.0	0.275862	60	60	1800.0
1853.824275072	7210.154020608001	1.0	15.289389	60	60	2000.0
-6987.565651968001	-1901.113239168	1.0	2.180825	60	60	1500.0
-52.313336064000005	5558.096421504	1.0	0.68108	60	60	1600.0
-531.444013056	-2237.93767296	1.0	1.810746	60	60	1200.0
1020.752181504	-1206.6056640000002	1.0	1.23917	60	60	1200.0
1602.026312832	7691.827461120001	1.0	2.060538	60	60	2300.0
6932.577586176	4425.517362816	1.0	2.257666	60	60	1600.0
1541.762817408	-1046.506513536	1.0	0.461632	60	60	1200.0
2065.522212864	-4843.08741312	1.0	26.549772	60	60	1200.0
-4173.421671936	5182.327472256	1.0	1.071258	60	60	1600.0
-8011.494678528001	2642.959668096	1.0	30.07749	60	60	2500.0
-895.661091072	-6946.094466432	1.0	1.491597	60	60	1500.0
-7471.72552896	5501.019427200001	1.0	1.52984	60	60	2300.0
1893.935564928	7823.722857984001	1.0	0.382501	60	60	2200.0
-3209.479333632	-5054.292891648	1.0	0.726336	60	60	1900.0
5273.58693312	6611.500583424001	1.0	1.73492	60	60	2500.0
-7221.203776511999	-6157.227833856	1.0	0.778426	60	60	2200.0
2905.6641546240003	-1123.116115968	1.0	0.307357	60	60	1200.0
-1182.33675648	2688.711708672	1.0	1.332639	60	60	1200.0
-3236.9379609600005	-1985.175713664	1.0	0.326613	60	60	1200.0
7703.162070912	4090.579080192	1.0	0.336506	60	60	2000.0
-1173.849076224	-6961.317251328	1.0	2.132465	60	60	2200.0
7597.34287488	-5481.646144128001	1.0	2.206209	60	60	2200.0
-3177.0526613760003	66.869852544	1.0	0.375074	60	60	1200.0
698.4569053440001	5660.4844961280005	1.0	1.22311	60	60	1200.0
-1961.610089472	7273.436645376001	1.0	4.863605	60	60	2300.0
1956.506859648	1913.89625856	1.0	54.795535	60	60	1200.0
-4196.4288537600005	-1963.71350208	1.0	0.732411	60	60	1400.0
5684.0597763840005	7426.060392960001	1.0	1.701059	60	60	2200.0
2205.126367488	-3197.8759633920004	1.0	47.37506	60	60	1200.0
-963.90854208	-4726.250648064	1.0	0.386344	60	60	1500.0
-1777.33537344	-1000.889657856	1.0	27.565585	60	60	1200.0
-3263.8574580480004	-2513.37689856	1.0	1.631899	60	60	1200.0
-4480.997887872	-6809.783029632001	1.0	0.517304	60	60	1800.0
-141.96828096000002	1548.694262016	1.0	0.656796	60	60	1200.0
-1774.5399429120002	353.674265472	1.0	0.654095	60	60	1200.0
-3307.245372288	1486.19699712	1.0	1.371047	60	60	1200.0
7111.67504256	-4179.786627456	1.0	4.25148	60	60	1800.0
-3875.578768512	-7731.061658496001	1.0	15.806252	60	60	2100.0
1136.610465408	3833.5378752	1.0	1.41475	60	60	1200.0
7633.079967744	-5650.163773056	1.0	1.390449	60	60	2400.0
-7123.542345216001	-4256.190233856	1.0	1.202393	60	60	1600.0
2470.5265052160003	4951.946659968	1.0	1.53995	60	60	1300.0
6662.843485056001	-1627.7388019200002	1.0	1.835714	60	60	2100.0
-2770.89607872	994.77576	1.0	0.911057	60	60	1200.0
2446.6663710720004	-3402.3946176	1.0	2.143223	60	60	1200.0
-7012.436454144	258.478349184	1.0	0.910516	60	60	1500.0
-331.566706944	-6219.709005312	1.0	1.820814	60	60	1600.0
3811.528486656001	7518.578360832	1.0	1.287365	60	60	2500.0
-2930.4271307520003	-5004.166654080001	1.0	50.617269	60	60	1400.0
2500.130388096	-3045.471086592	1.0	0.849766	60	60	1200.0
5732.393204736	1896.729386112	1.0	0.736187	60	60	1400.0
-3196.47100608	4043.79062208	1.0	1.674466	60	60	1600.0
5834.798982144001	-6362.852107392	1.0	1.29146	60	60	2400.0
7767.983228544	4130.774055936	1.0	1.072282	60	60	2800.0
-774.11055744	-7912.048484735999	1.0	2.094185	60	60	2100.0
-3032.625302784	1966.222469376	1.0	1.469909	60	60	1200.0
7633.364821632001	-5587.677773568	1.0	1.869012	60	60	3000.0
5622.978734208	1070.886465792	1.0	1.852019	60	60	1400.0
2576.646648576	-5909.61577536	1.0	1.667673	60	60	1800.0
2271.6131961600004	-6754.5777024	1.0	1.671491	60	60	2000.0
-4964.68139904	6482.78364096	1.0	1.95321	60	60	1600.0
7265.990210688001	-816.222261888	1.0	1.242618	60	60	1800.0
5579.904642048	-6261.291235584	1.0	2.154903	60	60	1600.0
-3651.181497216	-3015.98307648	1.0	0.90199	60	60	1200.0
-4808.256380928	3109.664600064	1.0	53.779326	60	60	1800.0
-2689.7255953920003	7160.6956608	1.0	28.139237	60	60	1600.0
-955.984132224	7377.936179328	1.0	1.401933	60	60	2000.0
-2163.4813728	4072.586614272	1.0	57.311876	60	60	1200.0
-3803.980663296	2878.6657996800004	1.0	1.797603	60	60	1400.0
7555.158749952	7342.741435391999	1.0	46.733381	60	60	3200.0
5194.918979712	-4433.8634208	1.0	1.30918	60	60	2000.0
7233.660099072	2859.218486784	1.0	1.944402	60	60	1900.0
-2299.018715136	-4708.07954496	1.0	1.634306	60	60	1600.0
2360.877070464	6454.253190528001	1.0	1.738573	60	60	1800.0
-5572.992509568	355.78894348800003	1.0	1.272971	60	60	1800.0
-2281.201667712	5381.504713728	1.0	1.119008	60	60	1800.0
1613.2337844479998	-2331.79461504	1.0	1.62704	60	60	1200.0
4595.768255232	2727.245841408	1.0	0.746963	60	60	1400.0
4171.400335872	5978.162564352	1.0	2.052259	60	60	1500.0
3740.817129984	-1063.444859136	1.0	1.135647	60	60	1200.0
5556.450062592001	3807.37798848	1.0	1.825757	60	60	1700.0
570.242078208	-5015.338720128	1.0	1.90721	60	60	1600.0
-7086.908847744	-821.74713984	1.0	2.064225	60	60	1600.0
682.825347072	1414.495893888	1.0	0.900185	60	60	1200.0
4405.173645312	-4582.539447552001	1.0	1.70549	60	60	1900.0
-6056.893282176	-6262.586757504	1.0	2.24173	60	60	1700.0
-7341.798359808001	-7691.62629312	1.0	1.263946	60	60	3400.0
-1730.7287712000002	-870.688900224	1.0	0.76724	60	60	1200.0
-691.420853376	2798.734511232	1.0	1.570382	60	60	1200.0
7636.039551360001	1098.069895296	1.0	0.82137	60	60	2400.0
5110.125863040001	395.000610048	1.0	52.841853	60	60	1200.0
2131.531066368	-7652.253692159999	1.0	0.436187	60	60	2100.0
1502.842442112	-5794.634583936	1.0	0.731962	60	60	1300.0
-6710.269243392	1503.62619264	1.0	0.773934	60	60	1600.0
-4488.600428928	3590.8986896640004	1.0	1.681084	60	60	1600.0
-1100.406662784	-1845.50718528	1.0	0.436688	60	60	1200.0
-3222.870685056	6439.035233664001	1.0	1.624578	60	60	2100.0
3649.852179072	1717.108892928	1.0	1.956553	60	60	1200.0
2671.517477376	-1440.900400896	1.0	1.00548	60	60	1200.0
-4834.599732864	-1669.036178304	1.0	2.075935	60	60	1600.0
7599.295009152	8039.733837696	1.0	0.488455	60	60	2500.0
7989.58024128	3724.815422592	1.0	38.347762	60	60	2700.0
3319.1883141119997	-3912.345841536	1.0	0.350215	60	60	1500.0
1515.65603904	4282.966499328	1.0	0.747792	60	60	1400.0
4158.784688256	-4420.933951104	1.0	2.086528	60	60	1700.0
-3269.1457624320005	4746.67161408	1.0	1.281109	60	60	1500.0
