trucks_count 15
drones_count 15
customers 1000
depot 0 0
Coordinate X         Coordinate Y         Dronable Demand
X	Y	Dronable	Demand	Drone_service	Truck_service	Lw
-10973.083537152	-3372.433460352	1.0	32.343567	60	60	2500.0
28632.061193472	-31971.128124672	1.0	17.663422	60	60	7200.0
12134.289606912	28544.594956416004	1.0	39.487998	60	60	7200.0
14177.62057536	31925.51448768	1.0	1.394584	60	60	7200.0
24752.687591808	12252.656858112	1.0	0.264133	60	60	6900.0
-30528.190294272	11200.757432832	1.0	0.916016	60	60	7200.0
12935.675326464	-6348.958640639999	1.0	1.651042	60	60	3000.0
24136.439196672	-9047.572642944	1.0	0.935448	60	60	7200.0
-26154.556572672	-11565.186944256	1.0	13.662192	60	60	6400.0
-16439.331477888	-30043.697283072	1.0	0.6273	60	60	7200.0
3895.18379712	-25818.49657728	1.0	2.108374	60	60	7000.0
17173.193951232002	4796.5017323520005	1.0	1.651344	60	60	4200.0
-1150.949720448	-5443.43709888	1.0	0.7188	60	60	1400.0
19593.901603584	-15081.713019648	1.0	2.039994	60	60	7200.0
15465.758825088002	1345.583783808	1.0	0.657594	60	60	4600.0
29545.114465152	11089.310360832	1.0	1.687512	60	60	6700.0
2510.549281152	29175.293651328	1.0	0.841293	60	60	7200.0
-15009.635329920002	6375.149104896	1.0	0.621608	60	60	4100.0
-18409.686742656	3061.828459008	1.0	1.026286	60	60	3900.0
-29687.156775936	7557.341020416001	1.0	1.702071	60	60	7200.0
24847.875461376003	11374.775799552	1.0	0.687092	60	60	7200.0
-1213.073617536	31969.346580864	1.0	44.343011	60	60	7200.0
28554.448969728	-28519.701623424	1.0	1.242821	60	60	7200.0
-26730.498947328	21679.60981824	1.0	1.042	60	60	7200.0
19628.351221248	-7308.307911168001	1.0	1.318684	60	60	5700.0
-6982.5573734399995	-15786.037593216	1.0	0.8605	60	60	5400.0
-1834.842062592	-21705.259542912	1.0	1.847235	60	60	4800.0
-15955.853962752	5035.370224896	1.0	1.781056	60	60	3400.0
28326.833010432	25889.317369344	1.0	1.685755	60	60	7200.0
-19249.574408064	-15123.984049152	1.0	2.015116	60	60	6100.0
23548.512037248	-7686.515016576001	1.0	9.984025	60	60	5400.0
-27418.440398976003	-21840.396158592	1.0	0.458463	60	60	7200.0
-1828.382155776	-942.39965952	1.0	13.637969	60	60	1200.0
-24994.377264384	14999.85856512	1.0	1.456363	60	60	7200.0
8421.917632128001	26109.845777664	1.0	0.824953	60	60	6100.0
-16467.889287168004	5312.9080350720005	1.0	1.373009	60	60	4400.0
-3725.3899584	31204.768167936003	1.0	36.911222	60	60	7200.0
28367.711957376	-21203.810483328	1.0	29.168602	60	60	7200.0
-28520.591590656	-4543.770350592	1.0	1.454344	60	60	7000.0
-17694.886948992003	-17648.706822912	1.0	49.618845	60	60	5200.0
102.025972224	-20605.496617728	1.0	0.863873	60	60	4500.0
21738.835286784	-27152.742532608	1.0	1.666827	60	60	7200.0
-16894.893312	5814.418249728001	1.0	13.171922	60	60	3800.0
-17390.006384256	-22293.10784448	1.0	0.242668	60	60	7100.0
-18904.90764096	14323.594513536	1.0	0.820226	60	60	7000.0
173.22174144	-23627.596810752	1.0	0.27291	60	60	6700.0
-11051.563197312002	5000.637362688	1.0	25.320244	60	60	2800.0
-23700.35042496	10037.103550848002	1.0	0.95771	60	60	7200.0
-21201.367499136	-24108.417298944	1.0	0.349012	60	60	7200.0
-4655.845066752	7941.760193664	1.0	0.493051	60	60	2100.0
15747.414946560002	30829.697673984003	1.0	0.505138	60	60	7200.0
20942.222881536	-6121.841577984001	1.0	0.21468	60	60	4500.0
21939.985584	30221.13067776	1.0	0.621478	60	60	7200.0
26518.79457216	12773.305391616	1.0	1.473317	60	60	7200.0
17872.075723392	-16871.392061568	1.0	1.454748	60	60	6900.0
15710.420956032	-26810.81808768	1.0	2.08885	60	60	7200.0
-1408.959750528	23345.311435776	1.0	1.042589	60	60	5100.0
-27060.506199936	9966.792920832	1.0	0.53837	60	60	6500.0
19638.673553664	10447.529723136	1.0	40.480801	60	60	6300.0
-28553.826153600003	12296.41009344	1.0	0.995625	60	60	6700.0
15028.541903232	3285.995594112	1.0	1.435414	60	60	3300.0
-10883.642635008	15773.476663296	1.0	0.54486	60	60	4400.0
11610.198686592	24055.679096064003	1.0	1.284809	60	60	7200.0
-26668.276880256	-1790.206906752	1.0	0.765478	60	60	6600.0
-27588.689682048003	-25003.696975488	1.0	1.724387	60	60	7200.0
-12022.831269504	13461.974266752002	1.0	0.905786	60	60	5600.0
-5842.741094784	22370.406246144	1.0	2.148121	60	60	6100.0
29801.043613440004	-21331.471696128	1.0	0.806585	60	60	7200.0
-20790.94615488	-18786.036665088	1.0	1.283742	60	60	7200.0
-26435.586659328	-21717.078565248	1.0	1.264868	60	60	7200.0
3708.244007424	29585.460719232	1.0	0.772911	60	60	6400.0
-30091.8359808	-13904.524554624	1.0	2.029121	60	60	7100.0
30636.933668352	-16150.637695104	1.0	1.176705	60	60	7200.0
31497.372656640004	21373.296937344003	1.0	0.958109	60	60	7200.0
19891.944065664	7140.881417472	1.0	2.022699	60	60	4300.0
-22459.810133376	-19835.766694656	1.0	0.755871	60	60	7200.0
-30598.721404416	-21208.7801376	1.0	1.000071	60	60	7200.0
-26560.418645376	-18710.18506368	1.0	1.234715	60	60	7200.0
-3406.6255829760003	7130.119734144	1.0	25.255254	60	60	1900.0
22600.536000768	-6940.640399616	1.0	2.058405	60	60	6100.0
3683.711167488	11085.277344768	1.0	0.862959	60	60	3400.0
10682.709599232	15634.134831744	1.0	0.696492	60	60	4300.0
-10952.80902144	29279.184853248003	1.0	1.301893	60	60	6300.0
-11494.327527936	-5027.392706688	1.0	0.4845	60	60	3500.0
5267.540627712	18813.331139328	1.0	3.204615	60	60	5300.0
-10852.5710304	16882.314679296	1.0	1.956334	60	60	5800.0
-3293.612619264	-26847.855530496	1.0	0.27173	60	60	6600.0
-13450.86496512	17491.778080128002	1.0	1.943572	60	60	5000.0
22046.168491776003	-24442.428599424	1.0	1.862133	60	60	7200.0
-11678.335092864	-22162.174835328	1.0	1.661046	60	60	5700.0
-18984.100240512	-12617.36961408	1.0	1.827734	60	60	5700.0
18471.81707712	-3654.672164352	1.0	1.93119	60	60	4300.0
15419.952066816	3541.77990144	1.0	54.453157	60	60	3600.0
9909.26209152	-28962.66390336	1.0	1.774932	60	60	7200.0
31145.893536384003	1343.921331456	1.0	18.512035	60	60	7200.0
-13747.079212416002	-24201.091373184	1.0	5.386144	60	60	7200.0
31930.617717504	26755.205596416003	1.0	0.24544	60	60	7200.0
-22687.813944576003	23141.998180224	1.0	0.679793	60	60	7200.0
-15988.13257536	-6296.416777728	1.0	1.14375	60	60	4100.0
14690.919234816	-1103.263248384	1.0	37.895291	60	60	4000.0
-21754.962523008	-15181.474644864002	1.0	1.15377	60	60	5400.0
-17819.39706624	-2116.499793408	1.0	1.20968	60	60	4600.0
29397.66958656	-11275.23304512	1.0	1.866803	60	60	7200.0
7931.661560064	11184.412935168	1.0	1.319138	60	60	4400.0
20287.855564416	-2689.096341888	1.0	2.038779	60	60	5400.0
-29199.177925632	16408.032955776	1.0	34.254796	60	60	6500.0
16994.170524672	26024.161084416	1.0	1.472042	60	60	7200.0
21963.778125696	-7678.305752832	1.0	1.70772	60	60	5300.0
-15316.591948416	24567.14310336	1.0	1.961221	60	60	6200.0
10336.544532864002	-20600.695944576	1.0	1.097425	60	60	4800.0
-29918.916796032	-24835.10692608	1.0	1.634438	60	60	7200.0
27673.146445824	-18495.03186432	1.0	0.704442	60	60	7200.0
12588.459358464	32149.488501504	1.0	1.416775	60	60	7100.0
28566.873105408	-14022.23841216	1.0	2.176396	60	60	7200.0
12380.622236928	29891.68991424	1.0	1.17947	60	60	7200.0
21110.2078176	-3298.743207936	1.0	1.418513	60	60	6700.0
8082.526294656001	21024.029055744	1.0	20.162332	60	60	4500.0
1864.841844096	-3917.358948096	1.0	1.580688	60	60	1400.0
-24121.75715136	-9343.613081088	1.0	0.704952	60	60	5300.0
27539.194307328	-29800.543107456004	1.0	0.834204	60	60	7200.0
-17002.754765568003	27773.667681408	1.0	10.18954	60	60	7200.0
-556.461265536	12595.968557568	1.0	1.612424	60	60	2700.0
9303.493744512	-20124.317245824	1.0	2.090239	60	60	6100.0
-4430.709106560001	-30210.610396032003	1.0	1.677623	60	60	7200.0
28663.560883584003	6467.25347136	1.0	1.22449	60	60	7200.0
-20918.010301056	21590.373302784	1.0	1.771272	60	60	7200.0
20152.78493184	31898.303699328	1.0	1.217875	60	60	7200.0
16011.545311872002	-9892.650442752	1.0	0.844952	60	60	5800.0
-2002.9863237120005	7857.932683392	1.0	42.353631	60	60	2000.0
-7006.6412064	-408.148950528	1.0	46.512102	60	60	1500.0
1843.057763712	25041.9559104	1.0	1.987051	60	60	5500.0
-1282.473358848	-5255.856790272001	1.0	0.827092	60	60	1300.0
29191.086144	1140.5887637760002	1.0	0.454693	60	60	6900.0
-22286.939228928	25111.466696448	1.0	1.100551	60	60	6600.0
28992.454470144003	-18772.988103936	1.0	1.168633	60	60	7100.0
13842.946225152002	15178.577825664	1.0	2.247166	60	60	6400.0
-12959.87825088	13410.978983423998	1.0	1.917489	60	60	4700.0
12738.289284864	-26166.242019456004	1.0	0.299656	60	60	6900.0
30399.903046656003	-2503.687038336	1.0	2.202726	60	60	7200.0
-568.067854464	-24676.301688192	1.0	1.891157	60	60	5500.0
11723.655829248	-2095.597633536	1.0	2.172429	60	60	2400.0
8785.233477504002	-29718.489094272	1.0	0.395509	60	60	7200.0
27924.397231104	-12268.36727424	1.0	0.640531	60	60	7200.0
173.566141056	-25829.778078720003	1.0	0.875353	60	60	7100.0
28707.59092608	-26669.83150656	1.0	0.537523	60	60	7200.0
21045.014901504	4034.559424896001	1.0	0.272088	60	60	4600.0
-18177.25079808	-29645.992975104	1.0	0.225977	60	60	7200.0
5184.223279488	-6130.327648896	1.0	22.257881	60	60	1700.0
13085.086823424	10239.505917696	1.0	14.181606	60	60	5100.0
30288.241931904	-6126.132089088	1.0	1.364924	60	60	7200.0
5489.4756026879995	-795.904293888	1.0	2.090303	60	60	1500.0
6829.997999616	22739.774834304	1.0	8.086835	60	60	6800.0
6603.352474752	18502.648889472	1.0	1.174199	60	60	6300.0
16738.310578176	12838.720397184	1.0	1.946231	60	60	6600.0
5474.782291968	5244.9052043520005	1.0	31.315241	60	60	1900.0
-1102.131879552	22396.675568256	1.0	1.299386	60	60	6600.0
21375.07365312	20693.112523776	1.0	1.907704	60	60	7200.0
22081.41473472	17654.558397696	1.0	0.857765	60	60	7200.0
-21082.033032192	9204.218141184	1.0	1.831183	60	60	5600.0
-25844.460124032	8574.396538752	1.0	2.229781	60	60	7100.0
-9346.6273824	-961.974110592	1.0	1.066412	60	60	1900.0
-24568.691292288	415.608259968	1.0	2.177731	60	60	7200.0
12664.026105984	-12421.855239552	1.0	59.484821	60	60	3700.0
4895.920567296001	-19230.36527808	1.0	0.669802	60	60	4000.0
27313.720384896	6731.99860608	1.0	0.27149	60	60	5400.0
-7224.201984384	6553.2117530880005	1.0	1.560483	60	60	2900.0
11527.142052096	-5855.208682752	1.0	1.144407	60	60	2900.0
-28117.423559808	-5842.733048064	1.0	0.498364	60	60	7200.0
26808.433039872	29221.322499072005	1.0	2.238023	60	60	7200.0
-27877.653834624	3257.812761984	1.0	1.930361	60	60	7200.0
-25428.459184128	3099.21834816	1.0	0.612323	60	60	5200.0
28021.247553024	269.373608064	1.0	0.253063	60	60	7000.0
9641.876023296	-26954.477789184	1.0	1.335786	60	60	7200.0
-13363.96038912	6864.561880704	1.0	0.416141	60	60	3200.0
14686.20546624	11875.870803456	1.0	1.439129	60	60	5700.0
31702.501252224	17437.630091904	1.0	25.932117	60	60	7200.0
-1657.999297152	28476.922041216	1.0	26.749024	60	60	7200.0
-28231.419832704	27516.529915776	1.0	1.697797	60	60	7200.0
-22484.695419648	25037.382154752	1.0	1.435161	60	60	7200.0
1434.350370816	14930.159485824	1.0	1.902893	60	60	4800.0
3952.708189056	-15196.951706112	1.0	2.162832	60	60	3400.0
8354.729129472	-16324.857229824	1.0	1.474273	60	60	3700.0
-21808.947967488	4419.873393408	1.0	55.183999	60	60	4600.0
-12182.471756928	31086.381604608003	1.0	1.130131	60	60	7200.0
-12673.820573568	-24876.927339264	1.0	0.766309	60	60	7200.0
-23416.983570816003	31419.51259392	1.0	1.667333	60	60	7200.0
11727.640564992	-2511.79974144	1.0	2.242	60	60	2700.0
5888.378871936	12615.386902272	1.0	5.738015	60	60	2900.0
-29183.696036352005	-23089.488504192	1.0	11.837258	60	60	7200.0
-4351.764345984	-2203.418853504	1.0	19.684204	60	60	1500.0
-16712.487044352	-28047.399393024	1.0	59.874299	60	60	7200.0
15012.229592448002	-22195.861623936	1.0	24.588053	60	60	5400.0
16076.714087808	-15102.51057216	1.0	1.815897	60	60	6900.0
12580.019958528	-20266.657285248	1.0	1.161075	60	60	5300.0
-31596.369843456003	-3050.183245824	1.0	1.520421	60	60	7200.0
30982.35843648	-22879.662233472	1.0	0.369233	60	60	7200.0
-30869.707575168	-17857.53047232	1.0	2.013275	60	60	7200.0
-12460.872175488	4168.669279104	1.0	1.513654	60	60	3200.0
-15104.237398272002	126.8967744	1.0	1.697112	60	60	3600.0
-7138.1149551359995	-19135.67147712	1.0	0.984381	60	60	3900.0
-19363.945658112	-18464.91299136	1.0	1.430966	60	60	5700.0
-28553.109995520004	11295.517216896002	1.0	8.130225	60	60	7200.0
-12657.505044096	18036.526540032	1.0	0.29387	60	60	5100.0
-4470.125159808001	-31450.506950016003	1.0	52.06383	60	60	7200.0
-9282.337308288	-20102.8791744	1.0	48.213276	60	60	4600.0
-12042.540905472	2473.072487424	1.0	2.045477	60	60	3600.0
8938.998249984	-7604.929322496	1.0	23.316277	60	60	3600.0
-23121.207065088	8765.781336576001	1.0	1.633823	60	60	5800.0
-16667.298274176	-16354.26638208	1.0	1.923384	60	60	4500.0
-3952.449084672001	19262.370302208	1.0	1.191888	60	60	5300.0
12998.138795136	-18828.735780096	1.0	1.578417	60	60	6600.0
23850.891681408	22624.796861568	1.0	11.170798	60	60	7200.0
-22477.664195712	-12691.507264128	1.0	2.117358	60	60	6800.0
5894.3431008	22520.458262016	1.0	0.290962	60	60	6600.0
-9001.714385664	-5092.630684416	1.0	1.8552	60	60	2100.0
19734.0577632	5964.254613504	1.0	1.742462	60	60	5200.0
26426.880108288	26597.610585216	1.0	2.090878	60	60	7200.0
8582.813407872	7501.32941184	1.0	1.980435	60	60	2800.0
18065.182519296	-14898.51817344	1.0	1.520122	60	60	7200.0
-17752.131315072	7123.980086784	1.0	1.915095	60	60	5900.0
-27966.008429568003	-23266.421392896	1.0	0.859102	60	60	7200.0
24033.954561408	8679.798914688	1.0	26.487835	60	60	7200.0
-9091.171381248	11391.14604672	1.0	1.342619	60	60	3700.0
-5352.093952128	-14245.314412032	1.0	28.319443	60	60	3400.0
-18544.393663488	-3571.2099751680003	1.0	1.352447	60	60	5300.0
28764.167414400003	22865.147559936	1.0	0.702613	60	60	7200.0
-13509.961686144	-17974.991662848002	1.0	1.542765	60	60	6200.0
5031.371005056	-20595.663525888	1.0	54.268213	60	60	5800.0
-1004.46401088	-11106.53356032	1.0	0.936516	60	60	2200.0
4067.35141824	20009.2153536	1.0	1.175283	60	60	4600.0
-25961.615539199996	233.956774656	1.0	1.66777	60	60	7200.0
-11726.736113664	19519.863732864	1.0	2.248539	60	60	5500.0
-5128.580210688	-30953.206779264	1.0	0.544124	60	60	6900.0
-24047.078761728	10472.505132672	1.0	1.417656	60	60	5500.0
657.986731776	-14730.287007744002	1.0	44.810393	60	60	4700.0
-3452.2376106240004	14364.77923584	1.0	2.152925	60	60	4300.0
21521.256806016	-29727.636605567997	1.0	38.78381	60	60	7200.0
30276.195992064	-18574.322633856	1.0	1.862199	60	60	7200.0
3213.0488586240003	16507.823549184002	1.0	0.253448	60	60	4800.0
16390.108082304	-24978.745706112	1.0	1.586632	60	60	7200.0
5539.104552960001	-6577.688265984	1.0	0.539933	60	60	2700.0
31293.309446784	-865.32817536	1.0	22.086306	60	60	7000.0
-27129.056207616	5219.8702490880005	1.0	1.163652	60	60	6600.0
10010.507531904	-28133.808291072	1.0	6.123783	60	60	5900.0
27475.382208384	10067.417154432	1.0	5.544596	60	60	6000.0
-8581.025426688	-2580.211345536	1.0	54.247637	60	60	2200.0
8465.759381376001	2042.880352128	1.0	56.003299	60	60	1900.0
-13429.31584896	-13310.388546048	1.0	0.253852	60	60	4200.0
-11073.07529856	10375.703091072	1.0	1.12419	60	60	4800.0
-24305.135462784	-17117.209701504	1.0	0.88077	60	60	7200.0
32114.319507072003	5423.960817792001	1.0	52.967211	60	60	7200.0
4977.834567552	14961.031531776	1.0	1.179297	60	60	4400.0
16716.80330496	-3278.7374526720005	1.0	12.18922	60	60	3600.0
-15159.659986944002	-4783.4242030079995	1.0	53.143353	60	60	4200.0
-19076.870875392	16141.000943232	1.0	1.721782	60	60	6700.0
16093.599325056	-382.502444544	1.0	0.414943	60	60	3500.0
-26821.101795839997	-1429.803974016	1.0	0.603894	60	60	6800.0
10928.142605952	17317.915819776	1.0	2.024467	60	60	4600.0
-20896.153800192	9597.99082176	1.0	1.371231	60	60	6000.0
2137.467936384	-760.878531072	1.0	0.477664	60	60	1200.0
-14995.345964544002	-14352.686625024	1.0	52.396662	60	60	5400.0
-7513.497661824	20725.96889088	1.0	48.016558	60	60	4500.0
-1885.53157056	-13406.402009088	1.0	1.445964	60	60	3000.0
-14642.291296512	-22275.427591296	1.0	1.62114	60	60	5900.0
4837.803936768	13263.479387136	1.0	14.507211	60	60	3500.0
24463.047514752	29645.03380608	1.0	0.521889	60	60	7200.0
-3160.589072256	-2340.201828096	1.0	3.183151	60	60	1200.0
-29338.410321792	-28458.5529888	1.0	33.783409	60	60	7200.0
-29886.754056192003	25524.527364864	1.0	1.913206	60	60	7200.0
29201.276510208	13114.056624768002	1.0	0.468643	60	60	7200.0
-28418.34352896	12117.30619968	1.0	0.413156	60	60	6800.0
-12474.794610432	-15362.165351808002	1.0	1.762149	60	60	4700.0
30817.339521408	-7457.27361984	1.0	1.054579	60	60	7200.0
-10588.400431488	-26470.412863488003	1.0	1.004573	60	60	7000.0
-13557.92657472	9762.502793472	1.0	0.738866	60	60	5000.0
2919.551184	-31014.105965568	1.0	0.60164	60	60	7200.0
-29399.467223808	22651.697046528003	1.0	0.928599	60	60	7200.0
14710.475983104	-12865.992340608002	1.0	1.281213	60	60	5400.0
-4791.855556224	21065.608067328	1.0	2.165592	60	60	6400.0
29623.309271423997	7334.825072256	1.0	0.994759	60	60	7200.0
-13064.6143584	22322.536308864	1.0	1.110023	60	60	7000.0
-9390.454647552	-16612.463096064002	1.0	1.052113	60	60	5900.0
-24967.309707648	274.81962816000004	1.0	2.250491	60	60	6600.0
-26656.961582592	-8459.534438784	1.0	1.642128	60	60	6100.0
-14166.03329856	7198.172454528001	1.0	1.14495	60	60	4200.0
4269.37237056	984.152480256	1.0	24.606783	60	60	1200.0
-15947.004180096	-24196.61578752	1.0	1.912972	60	60	5700.0
-10507.097981952	-17696.967830784	1.0	0.965732	60	60	5000.0
-23322.946382208003	23012.651984256	1.0	48.731148	60	60	6600.0
30667.348660608004	-10513.318096512	1.0	1.08317	60	60	6400.0
2366.9024544000004	-30827.106630144004	1.0	1.858705	60	60	6200.0
27610.00222464	4870.377059328	1.0	0.478938	60	60	7200.0
-21255.573423744	29550.937071744	1.0	1.238364	60	60	7200.0
10063.852457472	13595.126561280002	1.0	1.081855	60	60	3900.0
21611.42191296	-14897.843858304002	1.0	1.974863	60	60	5900.0
-1302.467848704	-7522.110870912	1.0	1.829735	60	60	1600.0
28925.018128512	-4221.149986944	1.0	27.466406	60	60	5600.0
-29778.42428352	-4530.181049856	1.0	0.880028	60	60	7200.0
-5216.274974592	-3567.5937792000004	1.0	0.952257	60	60	1300.0
-10733.883519744	2524.165940736	1.0	1.944338	60	60	2400.0
1900.765620864	-15847.912041984	1.0	0.634801	60	60	4500.0
3558.003698304	-31780.140834816004	1.0	45.057879	60	60	6300.0
-26470.889229312	30809.839978368	1.0	1.159806	60	60	7200.0
-5602.865152896	-10354.282722432	1.0	0.60168	60	60	2500.0
1804.47696	11730.096423936	1.0	2.057905	60	60	3000.0
-15660.766256256002	-26204.732699904	1.0	1.354638	60	60	6000.0
21886.095090816	25992.416774016	1.0	0.232204	60	60	7200.0
17027.145983232	15463.771285248	1.0	2.255786	60	60	4400.0
25673.311217664	-1675.702081152	1.0	0.867736	60	60	6200.0
-16516.51239744	-5822.559921024	1.0	0.743461	60	60	4200.0
-31268.630156544	-20808.167745024	1.0	0.557857	60	60	7200.0
19602.827025408	-11370.10387392	1.0	2.004799	60	60	6700.0
27650.000860416003	31942.964604672004	1.0	1.012465	60	60	7200.0
9409.298456448	1718.338431744	1.0	1.094185	60	60	2900.0
17720.029730304002	-30239.269593984	1.0	0.508989	60	60	6800.0
-10482.050151936	-17807.940146304	1.0	1.98914	60	60	4100.0
27492.4637856	-10393.750274688	1.0	2.053126	60	60	6400.0
-17176.674962304	-175.418496	1.0	0.868612	60	60	4800.0
26162.170379136	-1074.46242816	1.0	0.656198	60	60	6300.0
-1400.7215185920002	8936.210866176001	1.0	0.933185	60	60	2300.0
-23729.67267264	-5639.271732864	1.0	1.958895	60	60	6400.0
11655.878306688	21419.850431232	1.0	0.241163	60	60	5000.0
-25402.048239744	-22507.284172032003	1.0	2.125557	60	60	7200.0
4924.460673792	-6335.388652032	1.0	1.809494	60	60	1900.0
-18854.791059456	-22414.006593792	1.0	0.348643	60	60	7200.0
28106.79867072	14576.533500672	1.0	1.032044	60	60	7200.0
22325.283459072	-22952.240429184	1.0	50.585816	60	60	7200.0
-3573.71733312	-18028.138639104	1.0	0.847407	60	60	4400.0
18427.814393472003	18378.737448192	1.0	1.231063	60	60	5300.0
2489.066148096	697.4687681280001	1.0	0.307142	60	60	1200.0
-4091.275926144	-15559.152276096	1.0	0.895045	60	60	4000.0
8641.406404224	5981.252504832	1.0	1.007884	60	60	2600.0
28059.042996864	-6053.206275072	1.0	0.693572	60	60	5900.0
26646.481534463997	2828.280457728	1.0	0.245134	60	60	7000.0
-22582.516176	-24059.341963008	1.0	1.639546	60	60	7200.0
-15209.111909376	28910.936368512	1.0	1.213365	60	60	7200.0
-10370.088089856	-15695.259326208	1.0	0.379431	60	60	4000.0
-18787.90833216	31121.0517024	1.0	22.687749	60	60	7200.0
-4910.171308416	-30693.661435008	1.0	1.900794	60	60	6700.0
22009.245312384	-24301.685029248	1.0	1.364586	60	60	7200.0
18958.569607296	-32161.062903552003	1.0	0.322997	60	60	7200.0
-29212.347187584	16939.013477760003	1.0	0.581591	60	60	7200.0
-12058.335007488002	-10757.067729408	1.0	1.906464	60	60	4200.0
-17914.665403008003	5767.871193216	1.0	54.09022	60	60	3800.0
11986.738511616	30777.377900543997	1.0	36.467084	60	60	7200.0
-31051.754959104	25941.934871424	1.0	0.455738	60	60	7200.0
26785.126520063997	19597.736670336	1.0	58.093027	60	60	7200.0
-21412.420089984	-23376.243027456	1.0	36.366532	60	60	6200.0
14470.912253952	-1174.02449472	1.0	0.303728	60	60	4100.0
-28083.875174784	9822.674556288	1.0	0.949371	60	60	7100.0
-21798.115473024	-19240.698875904	1.0	1.411155	60	60	7200.0
31896.317768832	18211.98848832	1.0	39.249954	60	60	7200.0
26900.88502464	30947.828351616	1.0	0.296476	60	60	7200.0
158.533258752	-18363.429368064	1.0	1.159179	60	60	5800.0
31554.636334848	-30786.620363136004	1.0	1.699073	60	60	7200.0
27598.730379264005	-19610.094822912	1.0	18.172729	60	60	7200.0
-23101.717909248	-18176.88064896	1.0	50.151823	60	60	6900.0
-9728.703350784	26726.702504832	1.0	2.010678	60	60	7100.0
-5673.201532416	-2554.66461888	1.0	1.10359	60	60	1400.0
-20984.907512448	10303.063740288	1.0	15.358998	60	60	7200.0
19740.30201792	-32109.851968128	1.0	14.911954	60	60	7200.0
26452.075997952004	-1622.4440601600002	1.0	0.219891	60	60	6000.0
-19048.974506496	6512.181527808	1.0	1.697	60	60	4100.0
-31672.19569536	-4184.556723072	1.0	20.129579	60	60	7200.0
-14984.371847808	-13069.584012672	1.0	9.91778	60	60	5400.0
-16630.363829376	-15170.099801472	1.0	1.459478	60	60	5600.0
24259.314220416003	-8120.257364736	1.0	1.31141	60	60	6100.0
31277.38337856	-25222.37141952	1.0	5.123079	60	60	7200.0
13050.519723648	-5188.555633536001	1.0	1.810463	60	60	2800.0
-9026.0460576	-2017.853443584	1.0	0.700375	60	60	2600.0
23547.10064256	-4719.539683584	1.0	1.211493	60	60	7200.0
2501.670530304	25796.66582592	1.0	0.913568	60	60	7200.0
20667.723512832003	-24948.876281472003	1.0	1.808994	60	60	7200.0
86.772609792	-3630.226228992	1.0	0.280367	60	60	1200.0
14532.113996928	11511.964328832	1.0	0.411842	60	60	5600.0
3452.416247808	2671.345277568	1.0	47.809659	60	60	1200.0
2433.724026624	-3335.8337591040004	1.0	1.085536	60	60	1200.0
10732.148646912	-24593.378629248004	1.0	0.94056	60	60	7200.0
-8634.428288640001	-5113.128898944	1.0	20.281885	60	60	2400.0
10200.571058304	28626.196743936	1.0	1.502147	60	60	6100.0
6735.85298496	18796.391184384003	1.0	1.069204	60	60	6100.0
1019.187899136	15926.52688704	1.0	1.679179	60	60	3200.0
2146.320937728	-7883.572752	1.0	34.354417	60	60	1700.0
6058.290192768	-10906.957201536	1.0	0.632828	60	60	3100.0
-30554.303510016	9392.75118144	1.0	48.399549	60	60	7000.0
-10156.655279232	28129.791368448	1.0	1.919563	60	60	6800.0
18973.259699328	14203.218801024	1.0	0.279741	60	60	6100.0
-9457.919957376	9919.608564096	1.0	0.961083	60	60	3900.0
-18842.088507264	5564.565984384	1.0	25.4077	60	60	5000.0
26159.99937408	-6012.571948416	1.0	0.650794	60	60	7200.0
7700.525965440001	-11061.751954176	1.0	1.866719	60	60	3000.0
-10475.33275008	-31059.60694848	1.0	23.595945	60	60	6700.0
23156.170063488	-15978.304311552	1.0	0.899925	60	60	7200.0
-6251.31974016	14669.756361216	1.0	0.489143	60	60	3700.0
2407.10386752	6892.453421568	1.0	0.823021	60	60	1900.0
15237.903073536	-31390.245063936	1.0	0.45543	60	60	7200.0
-11137.413652992	12664.94182272	1.0	34.756244	60	60	5100.0
-20041.376484096003	-1570.198316544	1.0	0.353146	60	60	5800.0
1773.073830528	-2258.662804992	1.0	0.785115	60	60	1200.0
-26782.72698816	20149.889721984	1.0	40.994132	60	60	7200.0
-29902.784731776	14296.892277888	1.0	10.676073	60	60	7200.0
-20739.051248256	6438.991781376	1.0	1.878819	60	60	5300.0
16428.141709056	11938.92651072	1.0	2.033179	60	60	5100.0
8144.363728512001	26616.629812608	1.0	6.769561	60	60	7000.0
-15348.439256832	-26280.890076672	1.0	0.643242	60	60	7200.0
17891.35083648	-21083.513628672	1.0	1.781319	60	60	6600.0
-5847.9682440960005	-1282.742119296	1.0	1.106655	60	60	1200.0
21843.415287936	1645.411008384	1.0	0.702945	60	60	5500.0
-6747.221390976001	30268.306987776	1.0	0.307601	60	60	7200.0
23134.841427456	26009.475820416003	1.0	0.999908	60	60	7200.0
-10037.932363008002	22749.052702464	1.0	35.057162	60	60	5900.0
6420.716070912	-19440.799880832	1.0	0.637006	60	60	4500.0
16105.00313664	-21901.076474112	1.0	2.048406	60	60	7200.0
10298.926116864	11542.097685888	1.0	1.491258	60	60	3900.0
-27601.306939008	6643.845179136001	1.0	30.030228	60	60	7200.0
-834.893870976	15333.622026624	1.0	0.320566	60	60	4200.0
-17417.45535552	11967.981607296	1.0	27.694214	60	60	5100.0
-17701.824830976002	28916.417794176	1.0	0.982305	60	60	7200.0
26046.044944128	23429.177570304	1.0	20.842522	60	60	7200.0
14388.280486272	-7393.817185920001	1.0	0.724995	60	60	4500.0
-20662.913183616	-17873.282731392	1.0	39.581387	60	60	7200.0
-29728.777630464	-29980.285910784005	1.0	2.012552	60	60	7200.0
-13531.430335104002	16713.507368448	1.0	1.504362	60	60	5800.0
25880.546444544	14923.163667456	1.0	1.153536	60	60	7200.0
11410.21677312	-13345.354763136002	1.0	0.765157	60	60	5300.0
30563.940261888	-18960.608646144	1.0	19.746033	60	60	7200.0
27083.975263488	-27794.309127552	1.0	17.263414	60	60	7200.0
28377.65126592	-14390.137669248004	1.0	1.856706	60	60	7200.0
16232.698145664002	-11995.667152128	1.0	1.483549	60	60	4400.0
9844.48599552	-20041.753070592	1.0	0.5947	60	60	6200.0
-5431.542437376001	18588.674763648	1.0	1.063273	60	60	5100.0
-11833.326185472	9893.638579968	1.0	9.899421	60	60	4700.0
27754.71443712	-2107.144676736	1.0	0.647185	60	60	7200.0
-13749.092501760002	-13493.102198400002	1.0	2.22061	60	60	4300.0
-24499.125788544	25128.652881024	1.0	0.695028	60	60	6800.0
6437.369562624	-14189.170837248	1.0	0.64322	60	60	3800.0
28670.410251648	2957.91794496	1.0	16.327217	60	60	7000.0
29662.437252096	-4.984138368	1.0	1.794107	60	60	6000.0
17387.688928896	-20406.509278848	1.0	6.505632	60	60	7200.0
29606.826370176	-21007.707088896	1.0	1.133836	60	60	7200.0
3895.301279232	-4913.679678336	1.0	1.138334	60	60	1700.0
-14819.341667328	-28743.083398656	1.0	1.320691	60	60	7200.0
31257.329342976	10103.226667776	1.0	1.155407	60	60	7200.0
-1215.534304512	-12072.66299712	1.0	0.511334	60	60	3400.0
23430.753118080003	-9893.591908992	1.0	11.16884	60	60	5100.0
-5712.7286304	-24045.063863040003	1.0	1.498022	60	60	4900.0
12032.7029856	-28937.653088256004	1.0	0.600577	60	60	7200.0
-3218.702484096	31029.515434368004	1.0	0.245642	60	60	7200.0
-10555.624531584	-11787.701283072	1.0	1.196905	60	60	3700.0
-2709.111753216	15592.840674048002	1.0	1.211406	60	60	3500.0
-26033.405156351997	-2004.545778048	1.0	38.6679	60	60	6300.0
27675.938657664	18468.112367232	1.0	1.028128	60	60	6600.0
-26941.450149504	4403.7429384960005	1.0	1.494948	60	60	5900.0
-11677.757338368	-27618.003883008	1.0	0.967648	60	60	7200.0
-27035.126845056	-1267.6335978240002	1.0	1.300429	60	60	5500.0
8751.440472192	12146.89398912	1.0	0.50388	60	60	3100.0
-6171.8117091839995	32009.50615104	1.0	56.413217	60	60	7200.0
23730.861977856	15838.573018752	1.0	1.448066	60	60	7200.0
26600.66994816	-4117.15256832	1.0	1.615855	60	60	7200.0
-14316.695255808	27548.964634752003	1.0	2.181824	60	60	6700.0
-11222.686354176	-2902.120379136	1.0	1.456876	60	60	3300.0
-21448.007513856	-18343.726169472	1.0	1.698999	60	60	7200.0
28929.22173504	-7627.596932736001	1.0	0.364906	60	60	7200.0
-18096.561508608	-31867.07920704	1.0	27.184215	60	60	7200.0
-25860.778872192	21296.791942272	1.0	1.698448	60	60	7200.0
-14602.717527552	-18064.78983936	1.0	2.175673	60	60	6600.0
-4697.105428224	9585.182052864	1.0	1.662947	60	60	3300.0
22737.393005184	-1141.776459648	1.0	0.410479	60	60	5200.0
28834.523106048	-13021.257021696	1.0	2.263285	60	60	6300.0
-8139.321653760001	7182.016250111999	1.0	0.768352	60	60	3400.0
6176.374199424	6331.230107136001	1.0	23.604138	60	60	1800.0
23824.54350144	-16332.606221184002	1.0	0.351358	60	60	7200.0
-6616.079167104001	-26524.808690688	1.0	1.650593	60	60	7200.0
-16144.707262464	-10146.384445824	1.0	0.635939	60	60	4600.0
8881.517310336	7512.918297984001	1.0	51.594115	60	60	2900.0
20189.898013824	-939.10855104	1.0	1.021247	60	60	4000.0
15588.493835904002	17051.424546816	1.0	4.088046	60	60	5400.0
25365.194262144	20680.173398016	1.0	38.090829	60	60	6900.0
10146.992777856	-24987.780563328	1.0	1.964968	60	60	7200.0
-7391.80550592	22998.8534688	1.0	1.349024	60	60	7000.0
30308.242859136	18707.865998976	1.0	38.124707	60	60	7200.0
20458.203017472	10795.086872064	1.0	0.565342	60	60	6100.0
-11532.847176576	19151.715027456	1.0	1.297608	60	60	4400.0
13467.632720256	-9704.27994624	1.0	2.0855	60	60	4100.0
1715.362754688	23385.70757952	1.0	0.778899	60	60	4800.0
-3016.8376381440003	-24743.060496	1.0	2.197202	60	60	6200.0
-2487.712689792	30715.986254976	1.0	2.143431	60	60	7200.0
11227.649571072	-23391.955052928	1.0	0.403538	60	60	7200.0
30874.027054464	-549.581319936	1.0	20.700414	60	60	7200.0
24045.374466432	30320.498013696	1.0	1.98608	60	60	7200.0
-31049.276569344	15766.8638688	1.0	0.858626	60	60	7200.0
-14077.363272192	15300.33918336	1.0	2.184337	60	60	6600.0
-18278.745686784	11311.248554496	1.0	1.951002	60	60	5300.0
-23122.348089984	1068.015396096	1.0	4.44073	60	60	4500.0
22088.622986496	-31884.962237568	1.0	1.585747	60	60	7200.0
26479.40587776	26792.766076032003	1.0	1.356284	60	60	7200.0
-4206.249070848	-30724.663837824	1.0	0.250871	60	60	7200.0
-21959.959152384003	13617.073185408	1.0	1.5732	60	60	6100.0
-26915.901813504	-4066.976441088	1.0	1.134948	60	60	7100.0
6991.05470976	-24088.166923392	1.0	0.982121	60	60	6300.0
15630.742334592	21928.102187904	1.0	0.393499	60	60	7200.0
-2175.483860352	20084.12227008	1.0	1.663215	60	60	4900.0
-22810.838637312	28661.010073344	1.0	0.93406	60	60	7100.0
6513.5671729919995	-7855.888816512	1.0	1.403489	60	60	2200.0
-28063.283618304005	19746.242106624	1.0	1.192686	60	60	7200.0
-5347.047049344	-25077.229512192	1.0	0.308022	60	60	6100.0
24398.794455552	-18219.304566144	1.0	0.876022	60	60	7200.0
-20594.28431808	16645.438554624	1.0	1.607366	60	60	5600.0
-16800.157668096	1139.232086784	1.0	1.288213	60	60	4800.0
24336.614231424	-10502.287652736	1.0	1.72949	60	60	6100.0
-31055.026755456	15994.804915584	1.0	20.199725	60	60	7200.0
-1792.588735872	-8821.081615104	1.0	1.58692	60	60	1800.0
-15521.113821312	28325.55680064	1.0	2.170072	60	60	7200.0
-12278.100586752	23591.903170176	1.0	1.642132	60	60	7200.0
12834.658412928	20408.088045312	1.0	7.352536	60	60	5700.0
28763.736110208	-1800.4648654080002	1.0	42.787519	60	60	7200.0
3072.9635101440003	-9189.165946752	1.0	1.374738	60	60	2200.0
-30839.46478272	-22074.980577408	1.0	1.31799	60	60	7200.0
-3924.64283904	13789.15712064	1.0	27.319383	60	60	4300.0
30152.535608448	17393.440724352	1.0	26.748549	60	60	7200.0
21552.542453376	-23908.76851968	1.0	1.618624	60	60	7200.0
-4853.820128255999	22433.299409664	1.0	1.853378	60	60	4800.0
-14622.65247168	-12726.692352000002	1.0	0.858675	60	60	4200.0
-31404.2962464	12889.445310720002	1.0	0.298485	60	60	7200.0
17098.864789248	21974.346687744	1.0	1.263688	60	60	7200.0
-30414.369439872004	-22514.877057024	1.0	42.058781	60	60	7200.0
-7721.070850944	-19585.182177792	1.0	0.961661	60	60	5400.0
29780.907501312	-32096.531427840004	1.0	1.376568	60	60	7200.0
855.43875648	12723.784267392	1.0	6.797778	60	60	3100.0
23204.522803968	-9212.116801536	1.0	0.204239	60	60	5300.0
-28637.080737408003	22972.585756032	1.0	53.59468	60	60	7200.0
3907.429295616	24850.239587712003	1.0	12.619281	60	60	5300.0
6876.9650949120005	9859.341849984	1.0	1.024847	60	60	2700.0
-4430.179632384	-21646.458941184	1.0	1.286759	60	60	4800.0
-2401.65623808	16418.030200704	1.0	50.340798	60	60	4500.0
25228.18919808	-9333.408230784	1.0	0.479867	60	60	5300.0
-29969.638490880003	-22633.216949376	1.0	0.990797	60	60	7200.0
21260.787698304	-27365.93716032	1.0	1.41862	60	60	7200.0
18529.219158912	17632.302779520003	1.0	0.760636	60	60	7200.0
10642.944318336	27963.781097472	1.0	1.886301	60	60	7200.0
30976.349145984	8160.849848448	1.0	1.726705	60	60	7200.0
26020.853882496	24869.10431808	1.0	2.241534	60	60	7200.0
-17048.379667968	-16752.577412736	1.0	0.435079	60	60	5600.0
18941.497686144	-16104.903357312	1.0	2.168333	60	60	6300.0
29890.140115968003	2551.938390144	1.0	0.724907	60	60	6400.0
-3340.174159872	-30488.436278784	1.0	1.731461	60	60	7200.0
-635.171061888	-31971.140999424	1.0	2.081314	60	60	7200.0
-1153.60996608	9765.90977472	1.0	26.203055	60	60	2800.0
-4563.298130688	4229.2755648	1.0	39.657475	60	60	1400.0
-7399.325970432	14890.984834176	1.0	2.161216	60	60	3300.0
-8822.1824064	-20885.087950848	1.0	0.251429	60	60	4500.0
10042.329090816002	-30733.317280512	1.0	1.787941	60	60	7200.0
-20463.021393408	-23137.245787392	1.0	0.371997	60	60	7200.0
26096.118073344	3471.7203290879997	1.0	1.217086	60	60	5500.0
14335.61792256	30313.886828543997	1.0	0.904742	60	60	7200.0
28407.586673664	-10054.34445312	1.0	1.14125	60	60	7200.0
-16726.320965376002	-12806.132790528	1.0	34.198523	60	60	5300.0
19073.420441856	-27696.211564031997	1.0	1.819445	60	60	7200.0
26006.424504192	28129.408344576	1.0	1.249753	60	60	7200.0
-201.092360832	-9658.941507072	1.0	0.891737	60	60	2700.0
-8008.470721152	-5520.407194368	1.0	2.164167	60	60	2100.0
32130.153842688003	17224.644678912	1.0	50.893362	60	60	7200.0
21262.308528384	-4590.714915072001	1.0	1.618653	60	60	4900.0
-13139.685427968	-22939.084041984	1.0	1.156008	60	60	7200.0
22488.623828352	-4205.193341184	1.0	1.472837	60	60	6800.0
15057.326630016	-15819.906237696	1.0	0.422437	60	60	4700.0
-5731.34874048	-16971.20840448	1.0	20.137801	60	60	5100.0
-3301.7703840000004	-6355.3541736960005	1.0	1.305977	60	60	1500.0
-2650.415758848	27103.65432192	1.0	17.135439	60	60	7000.0
-27556.485099264	-10005.376943232	1.0	0.300782	60	60	6700.0
31271.285574144003	-7596.728105472	1.0	10.46148	60	60	7200.0
-29816.156962944	-16321.66107264	1.0	1.380026	60	60	7200.0
-17608.29136704	-5019.783728256	1.0	41.884756	60	60	3800.0
-11308.070100096	11114.38715904	1.0	0.725227	60	60	4200.0
4056.98724288	-31775.868026496	1.0	25.467167	60	60	7200.0
-2801.671564032	2667.410431488	1.0	0.737276	60	60	1200.0
-9847.52765568	25461.735590016	1.0	1.03135	60	60	6800.0
24592.730063616	20327.287711104	1.0	1.943048	60	60	7200.0
-11421.760597632	-3781.432144512	1.0	0.425255	60	60	2900.0
-19630.596256128	28301.656432896	1.0	1.03565	60	60	6700.0
-26587.555403904003	-19897.718391936	1.0	0.716908	60	60	6700.0
14061.65929344	-27355.040292096004	1.0	1.225061	60	60	7200.0
-2421.15344064	22771.47730176	1.0	17.60265	60	60	4400.0
9643.123264896	-7782.279031296	1.0	0.786649	60	60	2400.0
29768.893748352	-22259.612567808	1.0	0.927153	60	60	7200.0
29185.929805824	-8637.048300672	1.0	2.109843	60	60	7200.0
-7306.128859392001	12671.11365696	1.0	0.663494	60	60	4700.0
16433.55876096	23120.79346368	1.0	1.220426	60	60	5800.0
-20015.895740544	-7636.55454144	1.0	0.379613	60	60	6000.0
16650.350272512	-11817.773485056	1.0	1.035344	60	60	6200.0
22601.228018688	24368.842954368	1.0	14.864325	60	60	7200.0
-24711.172953984	21632.932404864	1.0	1.09977	60	60	7200.0
28628.868254976	-1478.621814912	1.0	2.231114	60	60	7200.0
-15472.532553984	26566.093192319997	1.0	0.25235	60	60	7200.0
-29550.502548864	-17941.786068096	1.0	1.591624	60	60	7200.0
-12725.377517952	20591.05758336	1.0	45.74144	60	60	7200.0
3072.982822272	-26386.704444672003	1.0	1.354544	60	60	5400.0
29186.633089151997	13458.319446528	1.0	22.804086	60	60	7200.0
23785.434832896	8742.732311808	1.0	2.161295	60	60	6800.0
23032.071938304	-547.551937152	1.0	0.57851	60	60	7200.0
26648.794161792004	-30625.814710656003	1.0	0.754089	60	60	7200.0
18630.397006848	22386.346798464	1.0	0.829891	60	60	7200.0
1861.502455296	5779.921961088	1.0	1.284114	60	60	1300.0
-13726.902866688002	27544.680561024	1.0	16.052814	60	60	6100.0
5058.638120448	25954.185197952	1.0	0.810076	60	60	7100.0
14270.193260928	-26545.628774016004	1.0	1.45967	60	60	6400.0
-28632.344438016	-9516.434095872	1.0	0.964616	60	60	7200.0
19272.959785728	17910.479499264	1.0	0.769376	60	60	7200.0
-19177.997224320003	10292.459772672	1.0	27.469824	60	60	5700.0
-32027.352166656005	8945.083179648	1.0	22.695294	60	60	7200.0
-9547.619963904	14456.379877632	1.0	1.764125	60	60	5200.0
28449.58894272	-5525.43317568	1.0	1.990652	60	60	7200.0
20046.098299392	2362.4976798720004	1.0	1.018368	60	60	5600.0
-6792.521205888001	31442.627601792	1.0	2.059083	60	60	7200.0
25241.746311936004	-30808.669985279997	1.0	30.101799	60	60	7200.0
16159.693473792002	27831.70545408	1.0	1.726794	60	60	6700.0
-29725.206496128	7118.366694912001	1.0	0.741054	60	60	7200.0
-10658.0013408	17843.382729216002	1.0	1.352751	60	60	4800.0
22403.362392576	-25162.31070144	1.0	1.610526	60	60	7200.0
1971.143843328	9526.178673792	1.0	0.586814	60	60	2300.0
741.228440832	15499.410208128	1.0	0.511152	60	60	4600.0
-26800.865904384	-644.63078592	1.0	1.314551	60	60	7200.0
10448.524297728	15451.699595904	1.0	1.154814	60	60	4400.0
-5424.4243088640005	-18388.866659328	1.0	1.911622	60	60	4000.0
-22361.949143424	-6964.172227584	1.0	0.890947	60	60	4500.0
-27267.537040128	-2761.598898432	1.0	0.931663	60	60	7200.0
12771.04587264	-28982.141793792	1.0	2.210494	60	60	7200.0
-1101.077759232	-859.9127328000001	1.0	1.757535	60	60	1200.0
-18320.195950848	-19970.499364992	1.0	19.459382	60	60	6500.0
-30112.232806656	1563.1155936	1.0	1.166146	60	60	5900.0
-29701.685933568	21152.87152704	1.0	2.003905	60	60	7200.0
13390.525830528	25514.876128896	1.0	16.061966	60	60	6800.0
-1520.691676416	28500.535945728003	1.0	2.123727	60	60	7200.0
-27662.252796288	-8875.104074496	1.0	16.499568	60	60	7200.0
-22853.661671808	-26618.483776896	1.0	0.438089	60	60	7200.0
-30113.298192384	-5909.37437376	1.0	1.410387	60	60	7200.0
4101.28443648	27064.346094720004	1.0	1.417368	60	60	5600.0
-7593.715413504001	-7564.509038592	1.0	0.588271	60	60	2100.0
14930.014644864004	-3317.450222592	1.0	0.841314	60	60	3500.0
28929.22173504	11171.32574976	1.0	2.102249	60	60	6100.0
-10616.662121472	-959.2414444800002	1.0	2.167105	60	60	2700.0
6025.2567978239995	12896.315600256	1.0	1.792086	60	60	3100.0
6934.532939136001	6374.637333504	1.0	1.27317	60	60	2500.0
-4894.954960896	-11358.60511104	1.0	0.726475	60	60	3200.0
-13959.840926592002	22234.572784512	1.0	1.442959	60	60	7200.0
-12078.413183232	20058.577152768	1.0	1.089196	60	60	6400.0
-13474.866721536002	-18648.415222272	1.0	17.173637	60	60	6600.0
-23773.723636608	14473.936211328	1.0	0.590729	60	60	5800.0
12136.764777984	24968.251173888	1.0	0.212761	60	60	7200.0
-4520.698795008	-20706.848274816	1.0	1.636502	60	60	6700.0
9666.255975552	16859.433026304	1.0	1.744688	60	60	4900.0
-25345.214256384003	-6405.51903552	1.0	0.528392	60	60	6000.0
-1952.98722432	30310.071073920004	1.0	0.356923	60	60	7200.0
6075.2896934400005	-20403.998702208	1.0	1.611877	60	60	5500.0
-12630.04319808	29598.650902656	1.0	1.352928	60	60	7200.0
7803.16187904	-13051.018620288	1.0	2.101055	60	60	4000.0
-23679.7266816	25287.409838592	1.0	1.718323	60	60	7200.0
-17176.032834048	-23303.423430144	1.0	1.535767	60	60	7200.0
3598.689523968	121.82895014400002	1.0	0.721787	60	60	1200.0
6220.143528192	-15686.692788096	1.0	2.125709	60	60	4300.0
22715.766640512	16916.5389888	1.0	1.392328	60	60	7100.0
-8290.83334464	13283.776433664	1.0	13.98889	60	60	4100.0
17514.244522368	8398.706063616	1.0	1.419179	60	60	5900.0
-3831.667817472001	11112.7617216	1.0	0.805285	60	60	3100.0
18476.244382464	-16475.446766592002	1.0	0.894037	60	60	6700.0
9864.831322368	-23958.019274112	1.0	1.143597	60	60	5800.0
-18318.966412032	8531.481771648001	1.0	31.43009	60	60	5500.0
12662.38296576	-24956.348465664	1.0	42.457957	60	60	7200.0
-82.61567424	11725.715789568	1.0	1.830258	60	60	3800.0
-28681.530818688003	-11454.101974656	1.0	0.609738	60	60	6100.0
-10622.051814528	-23136.433068672	1.0	0.351492	60	60	5500.0
-366.981931008	3639.359256192	1.0	0.757869	60	60	1200.0
30089.029284864	13243.093826688002	1.0	2.032172	60	60	7200.0
-20638.58151168	-6793.858570752001	1.0	1.142378	60	60	4200.0
2272.32130752	10585.933307136	1.0	2.261835	60	60	2800.0
-2558.20517568	25495.478705664	1.0	1.32287	60	60	5800.0
-27850.497763968	-22187.48659776	1.0	1.558215	60	60	7200.0
-16691.702366592002	-20086.37535168	1.0	1.181872	60	60	7200.0
21179.0877408	-13888.545378048	1.0	1.759846	60	60	7200.0
-20244.071751552	-25288.916184576	1.0	2.005418	60	60	7200.0
-3991.845825792	-2316.0761521920003	1.0	1.08738	60	60	1200.0
-16469.55173952	31540.8490848	1.0	16.466536	60	60	7200.0
-29155.625858304	-21500.887339008	1.0	0.908196	60	60	7200.0
-13916.539916928	13743.108960768	1.0	1.810965	60	60	3800.0
-26827.310644992	-29060.821012608	1.0	1.751319	60	60	7200.0
28153.405272960004	-7065.150516864001	1.0	0.896026	60	60	6600.0
-22960.01195136	-8629.989717888	1.0	0.820964	60	60	6300.0
1177.828983936	8153.284322304	1.0	1.769399	60	60	1700.0
-12326.13467712	1876.52729088	1.0	13.161299	60	60	4000.0
-6483.161836800001	-16435.5463008	1.0	0.810991	60	60	4100.0
3566.850262272	-22947.488036352	1.0	0.695643	60	60	6500.0
5855.097638016	-22108.997281536	1.0	0.420465	60	60	4700.0
-17417.502026496	7352.71454016	1.0	0.553307	60	60	4200.0
-4583.482523136	-23315.112095616	1.0	46.704717	60	60	4800.0
-21637.63812672	-2210.084756352	1.0	1.848324	60	60	4600.0
10803.11588928	433.011705984	1.0	27.408562	60	60	3100.0
31939.490030976	11427.192133632	1.0	1.101205	60	60	7200.0
-24180.01540416	-23356.477064448	1.0	1.952167	60	60	7200.0
-16014.154058496002	-2270.742541056	1.0	0.80235	60	60	4500.0
4953.6058936320005	29100.972536064	1.0	1.5915	60	60	7200.0
-10928.281009536	757.634093568	1.0	0.479334	60	60	3400.0
19845.2634336	-12117.117906432	1.0	1.253346	60	60	6000.0
3415.842296064	-23974.67115648	1.0	0.899928	60	60	6200.0
19003.566865536	17453.084622336002	1.0	1.437121	60	60	5100.0
22800.141327744	22351.868212608	1.0	0.861153	60	60	7200.0
-31822.593720192	640.082779776	1.0	0.679207	60	60	7200.0
30759.494870016	12990.341523456	1.0	1.676269	60	60	6600.0
5330.688067584	5417.991760896	1.0	42.64495	60	60	2300.0
-1039.351370112	-17504.5530528	1.0	0.320615	60	60	4900.0
-6948.144770688	-15743.076155136	1.0	0.647331	60	60	5400.0
-30146.93187264	31947.002448768	1.0	2.150819	60	60	7200.0
-31886.920809216004	-13404.03305472	1.0	2.186379	60	60	7200.0
11816.445776256	1542.367930752	1.0	1.888578	60	60	3100.0
-27038.421172224003	3578.27982336	1.0	36.255368	60	60	7200.0
-2625.644736	-22132.179881856	1.0	40.893698	60	60	5400.0
-2275.224564096	24656.408587008	1.0	0.744405	60	60	6400.0
-22586.523442560003	-19215.02018304	1.0	0.813049	60	60	7100.0
233.280850176	25977.905319168003	1.0	27.782338	60	60	7200.0
13740.799552128	24095.405752704	1.0	1.317151	60	60	5900.0
15801.389125632002	2653.621572096	1.0	1.273836	60	60	3100.0
12970.691433216	14173.442718336002	1.0	1.702437	60	60	5700.0
27714.54521088	4799.810543615999	1.0	0.695702	60	60	6400.0
-15982.350202368	-29459.569784832	1.0	14.1157	60	60	7200.0
8810.134857216	1673.486014464	1.0	1.019164	60	60	2500.0
1236.11298624	-8007.065763840001	1.0	2.137593	60	60	1900.0
-13636.47865536	20828.271670272	1.0	0.920555	60	60	5100.0
-13331.132990208	-9069.429143808	1.0	0.899174	60	60	3400.0
-27471.394253952	19070.73444672	1.0	20.315546	60	60	6500.0
-7572.624960384	-28275.708979584004	1.0	0.271931	60	60	6600.0
18137.27469312	-392.227710336	1.0	2.240459	60	60	3900.0
18967.643088768	-30032.175989376	1.0	0.20209	60	60	7200.0
-9634.213936512	-28128.804840576	1.0	0.851593	60	60	7200.0
9409.05383616	-12828.344956416	1.0	57.009925	60	60	3200.0
-6996.648789504	15498.584614656	1.0	1.593444	60	60	4000.0
-9155.42926848	-28789.401928320003	1.0	52.133578	60	60	6000.0
-1052.707315968	20379.277569024	1.0	1.754798	60	60	6000.0
-27200.353365504	9112.16205504	1.0	1.051581	60	60	7200.0
22903.414541568	-15947.710682112	1.0	1.112963	60	60	6300.0
3719.945547648	26067.511983744	1.0	1.944392	60	60	7000.0
3957.494378112	19527.0558912	1.0	1.653152	60	60	5200.0
-17614.743227136	11613.851897472	1.0	1.584865	60	60	6200.0
-11329.794634752	10378.601519616	1.0	0.924532	60	60	3200.0
-23246.484839424	23350.870109952	1.0	0.287218	60	60	7200.0
16961.148395136	-19340.27542656	1.0	1.384598	60	60	5400.0
-25300.78670592	-26959.188339072003	1.0	39.190175	60	60	7200.0
20806.289640576	-27078.390839808	1.0	1.096488	60	60	7200.0
-668.862678528	-8114.780767104	1.0	2.000676	60	60	2100.0
-2691.857976192	-18079.178984064	1.0	1.234084	60	60	5300.0
5399.621099136	-20335.32477504	1.0	0.594727	60	60	4400.0
-24741.801988992003	27160.361167104	1.0	0.638735	60	60	7200.0
-25126.324160256	-2963.0131280640003	1.0	0.628732	60	60	7100.0
24142.210304256	-4988.1697747200005	1.0	0.862283	60	60	6000.0
-24564.750008832	17655.636658176	1.0	1.921397	60	60	5900.0
-8968.827441024001	28374.88319424	1.0	1.068619	60	60	7200.0
27598.0769856	9759.549647232	1.0	0.682144	60	60	7000.0
21155.926061952	438.974325504	1.0	0.610163	60	60	6100.0
-21724.6955904	-5734.620536832	1.0	7.573499	60	60	5600.0
-29704.803232896003	12665.347377408	1.0	1.140958	60	60	6300.0
-31618.590056064	-24587.0748288	1.0	1.127125	60	60	7200.0
17651.219008896	-29459.119168512	1.0	1.545027	60	60	7200.0
-11645.836000128	24590.291907456	1.0	0.408097	60	60	7200.0
-29475.856346112	-26060.480759807997	1.0	1.258256	60	60	7200.0
-1557.331611264	-13749.440120064002	1.0	1.967994	60	60	3000.0
1404.36185472	-922.506558336	1.0	0.497989	60	60	1200.0
-31355.264362752	-11430.531522432	1.0	2.170465	60	60	7200.0
25095.344288256	-21652.807803264	1.0	1.720679	60	60	7200.0
19887.148220544	5695.78223808	1.0	9.721291	60	60	5400.0
-20042.881220736	13803.946992	1.0	1.035948	60	60	5500.0
-21991.231924992	19530.543339648	1.0	1.463217	60	60	6600.0
7787.630100096	21209.145458688	1.0	2.155611	60	60	5500.0
9229.83728832	2461.12149888	1.0	1.869372	60	60	2400.0
28955.608539264	11478.802186368	1.0	0.471204	60	60	7200.0
23026.96870848	-10657.973981952	1.0	1.987309	60	60	6200.0
-19084.67136576	24915.733451136	1.0	17.992068	60	60	7200.0
15702.446656512	-16691.100471936	1.0	2.157961	60	60	5600.0
-17831.761656192	21397.903807104	1.0	0.597886	60	60	7200.0
-4859.612157312001	12950.708208768	1.0	1.090541	60	60	4400.0
-29835.584963711997	3194.953394688	1.0	0.533039	60	60	7200.0
17533.582399872	11801.36783232	1.0	24.436588	60	60	6300.0
26827.288114176	18483.898422528	1.0	0.414937	60	60	7200.0
14439.304737792	26406.892055808	1.0	38.607815	60	60	6600.0
6940.677414528001	-24713.29567872	1.0	1.462129	60	60	7200.0
20398.863285504	-22496.831482752	1.0	0.226449	60	60	7200.0
-8958.443953536002	-27195.63637824	1.0	0.40891	60	60	5600.0
26098.242407424	12624.156217728	1.0	0.201625	60	60	5600.0
-15998.89908672	-12383.45146368	1.0	1.935521	60	60	4500.0
18428.548254336	-8691.799792896	1.0	1.863556	60	60	5700.0
5148.55699776	-31783.406193792005	1.0	35.333846	60	60	7200.0
5047.583536512	26489.578541184	1.0	3.945262	60	60	5300.0
18737.440913664	-29950.120366848	1.0	2.084422	60	60	7200.0
7160.275622016	5491.941117696	1.0	22.033496	60	60	2700.0
26832.132239616	-27893.179176192003	1.0	1.631055	60	60	7200.0
-17733.958602624	1547.838091008	1.0	1.492152	60	60	4800.0
-2335.478403456	-11706.590345472	1.0	1.378976	60	60	3100.0
2062.327665024	-23501.369523456	1.0	0.257867	60	60	6000.0
28768.64139072	-2125.011613824	1.0	34.729257	60	60	7200.0
9730.10991744	-26926.631309952	1.0	1.442854	60	60	7200.0
-21706.44562944	20297.138260608	1.0	2.113886	60	60	7200.0
-11229.381225216	-30867.319308672	1.0	1.833649	60	60	7200.0
-18691.103071872	-30280.010137344	1.0	0.288217	60	60	7200.0
24680.00639808	-19957.087092096	1.0	1.233366	60	60	7200.0
4366.917929088	9154.690579584	1.0	2.103789	60	60	2000.0
8942.70617856	1734.066550656	1.0	1.479552	60	60	2700.0
-29739.933603072004	14995.257450624002	1.0	0.421381	60	60	7200.0
-13393.752565248002	3951.974328192	1.0	1.393476	60	60	4300.0
9390.871467648	-15013.954809216	1.0	1.223682	60	60	5600.0
-6796.00221696	30322.218402432005	1.0	21.57326	60	60	6400.0
5933.471081472	-25948.808379648	1.0	47.267582	60	60	6600.0
-10785.097673856	3781.028199168	1.0	0.958141	60	60	3500.0
-14829.366271104	-28774.744023168	1.0	1.437372	60	60	7000.0
28977.368479488	-9280.90982016	1.0	19.320694	60	60	7200.0
7673.991101568001	24424.63569216	1.0	0.455534	60	60	6600.0
-18104.350733568	-16633.577689344	1.0	2.244508	60	60	6200.0
-9029.507756544	-28130.108409216	1.0	2.247756	60	60	6600.0
-10823.507887104	-6954.905624831999	1.0	2.214502	60	60	4100.0
31228.790845824	12986.345522304	1.0	2.015679	60	60	7200.0
9919.555455744	3294.6458181119997	1.0	2.205454	60	60	2900.0
-26532.702523008003	1760.8009731840002	1.0	2.268847	60	60	6100.0
21379.045514112	-30693.881915136	1.0	1.926171	60	60	7200.0
-27321.51926592	-25167.0421728	1.0	1.515132	60	60	7200.0
-11710.937183616	6889.384402560001	1.0	1.455601	60	60	3500.0
25801.947692928	-2591.2530547200004	1.0	1.159458	60	60	7200.0
-17885.751928703998	15688.125104256	1.0	2.15122	60	60	7200.0
20887.1125056	15682.3330752	1.0	55.722234	60	60	5200.0
20218.525024896	7118.538894720001	1.0	0.511499	60	60	4200.0
-20622.840518016	22632.415496064	1.0	8.183046	60	60	7200.0
4227.555176064	31336.951637376	1.0	2.191793	60	60	6200.0
-1015.92254016	-7851.551634431999	1.0	2.146584	60	60	2200.0
13642.261028352	22054.541908608	1.0	1.520561	60	60	6000.0
-3424.412052864	28975.3535808	1.0	1.167563	60	60	6900.0
-19360.743063552	-30664.588635648	1.0	0.899325	60	60	7200.0
-12248.844322176	20957.77075392	1.0	0.884786	60	60	7200.0
-22648.214426112	-24008.596128	1.0	20.08323	60	60	7200.0
4441.570569216	-12813.85442304	1.0	0.591829	60	60	4000.0
-27625.424568192	22002.50055168	1.0	1.536755	60	60	7200.0
-17176.645994112	31742.997175296	1.0	12.910762	60	60	7200.0
12627.3555936	25209.631852416	1.0	0.495626	60	60	7200.0
-6062.056057728	29515.613580288	1.0	1.274735	60	60	7200.0
982.016880768	7027.639926912	1.0	0.418405	60	60	1900.0
-27373.550966784005	24678.593394048	1.0	1.224676	60	60	7200.0
2258.600040576	-9704.080387584	1.0	0.847536	60	60	2700.0
24703.224403968	21917.762152704	1.0	0.910266	60	60	7200.0
-8546.717431296001	3106.16266752	1.0	22.163147	60	60	2000.0
-25814.096630784003	-12528.33265728	1.0	1.291436	60	60	7200.0
18296.327769984004	-26663.968666368	1.0	8.522468	60	60	7200.0
-4364.252855424	26993.388508416	1.0	20.632723	60	60	7200.0
24772.1493888	-28682.90358912	1.0	0.984166	60	60	7200.0
-31182.699233664003	-10951.273707264	1.0	1.079514	60	60	7200.0
-13749.778082304	-27253.577590272	1.0	1.553888	60	60	7200.0
31667.235697152	-12549.373220736	1.0	13.508572	60	60	6600.0
1232.477478144	-26580.31174656	1.0	1.602401	60	60	5400.0
-16512.884936064	-26955.235790207997	1.0	1.829764	60	60	7200.0
17443.769739264	-11641.605034752	1.0	0.605261	60	60	5500.0
5981.394127104	26829.8163936	1.0	12.277523	60	60	7200.0
23843.947362048	-1446.25307904	1.0	0.657628	60	60	5000.0
-31057.431115392003	-19068.714720000004	1.0	1.644661	60	60	7200.0
15922.707913728002	-17005.950922752	1.0	0.312669	60	60	6200.0
-28233.4862304	26528.178657024	1.0	1.160019	60	60	7200.0
5707.115238528	-1630.046601216	1.0	1.929299	60	60	1300.0
22376.224024704	1605.0792384	1.0	0.415522	60	60	7200.0
20682.011268864	-25694.905395456	1.0	1.08585	60	60	7000.0
20161.948536576	15812.895935232	1.0	31.080329	60	60	7200.0
23771.105233920003	31363.472017152	1.0	0.434095	60	60	7200.0
-30218.710224384	-4905.323964288	1.0	1.5232	60	60	7200.0
21688.971372288	28202.694651648	1.0	1.510132	60	60	7200.0
-31370.327822592	-27490.046550912	1.0	30.609502	60	60	7200.0
-14466.298264704	30207.129384959997	1.0	0.223104	60	60	7200.0
3977.36494848	-22931.3817216	1.0	34.956478	60	60	7100.0
-9955.11230208	-25160.044745088	1.0	0.807661	60	60	7200.0
-22268.153356416	18602.84181888	1.0	1.771077	60	60	7200.0
11647.27314432	-27358.18816896	1.0	1.487995	60	60	7200.0
10074.057307776	22936.19366016	1.0	27.311389	60	60	7000.0
24978.802033152	18108.815053824	1.0	0.865462	60	60	7200.0
9822.43798272	29846.148697728	1.0	19.564818	60	60	7200.0
16777.62041472	31224.688627968	1.0	0.643163	60	60	7200.0
11642.554547712	-19373.58080064	1.0	11.581821	60	60	5400.0
-8332.497651456	28357.215815808	1.0	0.881592	60	60	7200.0
-7374.476089728	-13072.99904064	1.0	2.149211	60	60	4600.0
22640.401060992	-28099.313611776004	1.0	2.200504	60	60	7200.0
-7153.844683392	28023.404073984	1.0	0.986331	60	60	7200.0
22184.26790976	-15323.6907648	1.0	1.229336	60	60	6900.0
-29251.94348736	10406.29189248	1.0	1.798732	60	60	7200.0
-9950.194146816	-20283.748518528	1.0	0.871084	60	60	7000.0
16827.350753664	-28124.247178368	1.0	1.411464	60	60	7200.0
-21856.310961408	2173.963030272	1.0	1.067946	60	60	4500.0
26720.945881344	-19941.729122304	1.0	1.034501	60	60	7000.0
-30623.230104192004	-25671.573126144	1.0	2.165983	60	60	7200.0
-26460.391478400004	-22353.541930368	1.0	12.147349	60	60	7200.0
-19605.096200448	31357.142467200003	1.0	2.20359	60	60	7200.0
27632.479932288003	1518.80230656	1.0	31.995204	60	60	6800.0
-15789.983704704002	28309.43922048	1.0	2.002904	60	60	7200.0
-12716.363582208	19823.196108672	1.0	34.9244	60	60	7200.0
-15512.360599296002	16783.373819520002	1.0	1.859846	60	60	5600.0
-13253.992304256	-5050.697617152001	1.0	1.540693	60	60	3900.0
-6146.451666432	19098.188246016	1.0	1.619223	60	60	4200.0
-12811.03807104	-19005.655794048	1.0	1.035136	60	60	5400.0
-24351.944842368	-30730.771298304004	1.0	1.788336	60	60	7200.0
7266.295986048	-20216.455408512	1.0	0.566608	60	60	6700.0
15260.060521728	-21309.850159488	1.0	0.94757	60	60	6300.0
7408.389795840001	11375.815435776	1.0	1.65484	60	60	3100.0
-6946.913622528001	-13317.522768	1.0	1.418059	60	60	4100.0
-8178.093969408	-14175.25483968	1.0	0.4109	60	60	4300.0
29983.155371136003	-27499.461213312	1.0	30.859095	60	60	7200.0
-16601.781879936	-23818.550304384	1.0	1.885574	60	60	7200.0
-6999.186724992	15561.82539648	1.0	1.875017	60	60	4900.0
-27999.307366272	25630.555775616	1.0	1.383601	60	60	7200.0
-18219.096960768	-5124.339589248	1.0	0.773891	60	60	4100.0
-21959.526238848	23804.294735232	1.0	2.026622	60	60	7200.0
4778.176132224	8382.648029184	1.0	1.291073	60	60	3000.0
-19646.57382336	10142.138996352	1.0	1.774794	60	60	6200.0
1181.112045696	-25981.223786496	1.0	1.130165	60	60	5400.0
-3578.6902060800003	8215.895850624	1.0	1.706954	60	60	2000.0
13959.704132352	-10065.605033088	1.0	0.657939	60	60	3400.0
-22785.098789376	-20644.886921472	1.0	0.413555	60	60	7200.0
28172.525889024	-4657.8245598720005	1.0	1.624136	60	60	7200.0
25633.77607296	-11807.830957824	1.0	1.207356	60	60	6000.0
5899.2338972160005	-8775.154156032	1.0	0.388406	60	60	2300.0
-22934.370273408	19509.575196672	1.0	0.935604	60	60	7200.0
18106.907981184	27103.647884544	1.0	1.96227	60	60	7200.0
10091.85021504	27535.58615808	1.0	0.424245	60	60	7200.0
-10851.666579072	-19040.37417216	1.0	1.362558	60	60	6600.0
-20404.524957696	-21079.297147392	1.0	1.433361	60	60	6700.0
-5225.68480896	-739.152387072	1.0	1.144448	60	60	1200.0
-15402.073864319998	20071.656291456	1.0	1.865598	60	60	6500.0
-3919.047149952	12732.46989696	1.0	1.87731	60	60	3900.0
-26134.912919807997	-16351.664072832002	1.0	0.782251	60	60	7000.0
-31787.823843072	-17875.305676800002	1.0	21.77943	60	60	7200.0
-24333.834894336	-21592.661789952	1.0	10.776685	60	60	7200.0
9743.914870272	12813.160795776	1.0	1.891027	60	60	4300.0
25560.066508416003	-8698.821360768	1.0	1.830671	60	60	7200.0
-258.97563648000005	-13347.656125056	1.0	1.147594	60	60	3700.0
-30007.775115648	28355.089872384004	1.0	0.827253	60	60	7200.0
-18497.531175552	5557.278874752	1.0	0.767995	60	60	5600.0
-16273.240739712	16617.181692672002	1.0	1.692351	60	60	7200.0
-22.445520768	20967.616720512	1.0	2.015932	60	60	4200.0
-26150.7536928	18558.122977152	1.0	0.309974	60	60	7200.0
-15768.862674048	-21820.248781056	1.0	1.895057	60	60	7200.0
-16451.081298432	10783.340270208	1.0	2.161167	60	60	3900.0
-16012.258251264	16591.099054464	1.0	1.72124	60	60	4700.0
-12631.047428736	-3240.867979008	1.0	1.410129	60	60	2600.0
-22080.518330112	19410.816192768	1.0	16.69277	60	60	7200.0
29699.99290368	-21163.990484736	1.0	1.331284	60	60	7200.0
-4186.093646592	-3811.61860992	1.0	25.005814	60	60	1700.0
-21717.34088832	30835.203239808	1.0	30.407936	60	60	7200.0
-29674.628032896	-2582.467645824	1.0	0.339027	60	60	7200.0
10303.820131968	-14014.069382016	1.0	0.343215	60	60	4000.0
-31643.554200192004	5218.39448064	1.0	1.874458	60	60	7200.0
-7290.371772287999	29681.826628608003	1.0	1.838385	60	60	6700.0
272.199616128	-12487.698330624002	1.0	2.125636	60	60	3300.0
26496.574359552	-2613.1079462400003	1.0	0.371045	60	60	7200.0
6075.302568192001	278.4969792	1.0	0.669278	60	60	1700.0
14288.604156288	-11727.63573696	1.0	0.524678	60	60	5300.0
-15621.931176192	30289.896337536004	1.0	1.264478	60	60	7200.0
-648.3886041600001	3011.995122048	1.0	1.892333	60	60	1200.0
19855.291256064	-23498.789745024	1.0	35.998636	60	60	6300.0
-20875.853534976	20627.811781632	1.0	0.331183	60	60	7200.0
23150.350675584003	19346.580836352	1.0	0.593836	60	60	7200.0
-10147.551220224	-23497.415365248	1.0	1.618459	60	60	6100.0
-16518.512812032	29796.645276288	1.0	1.869686	60	60	7100.0
28926.724033152004	16939.831024512	1.0	52.108419	60	60	7200.0
25827.740649216	-20669.75450496	1.0	1.058891	60	60	7200.0
1514.669511168	-13357.014460416	1.0	0.806796	60	60	2600.0
11095.160326272	-4648.635205632	1.0	17.996902	60	60	3300.0
3665.985852672	-12720.020011776	1.0	0.379905	60	60	3700.0
-26690.991161472	21976.58206656	1.0	3.80038	60	60	7200.0
9012.155809536	22122.25988544	1.0	2.003948	60	60	5300.0
-4505.717411712	-23221.206873216	1.0	1.779697	60	60	5500.0
13406.75284608	27419.706952704	1.0	0.390472	60	60	7200.0
21564.343772928	28896.281682048004	1.0	0.624967	60	60	7200.0
16564.890887424	18809.576539776	1.0	0.914654	60	60	5100.0
-9506.058655104	-6977.093650560001	1.0	1.261622	60	60	3700.0
-18712.088917632	-20804.604657408	1.0	0.80229	60	60	7200.0
24775.780068864	13843.91505024	1.0	0.720056	60	60	7100.0
15135.664667904	24549.068560896	1.0	2.044184	60	60	6100.0
29124.739328256	-5276.4982364160005	1.0	14.703643	60	60	6800.0
-31208.389191936003	-7084.900386432	1.0	0.891949	60	60	7200.0
2347.181553024	-11767.906351872	1.0	1.840471	60	60	2700.0
23932.229536512	-29977.738319232	1.0	34.019325	60	60	7200.0
12548.050339968	-5290.377219072	1.0	0.417894	60	60	3500.0
23524.72271424	-5155.185885696	1.0	0.632056	60	60	5500.0
10967.539347072	32074.855173504	1.0	2.261944	60	60	7200.0
-6288.2139513600005	-26285.655344256	1.0	0.759028	60	60	7200.0
23397.819502464	13082.468420736	1.0	0.950357	60	60	7200.0
-30605.482258560005	-166.88092608	1.0	1.242707	60	60	7200.0
2219.467231872	19183.185749376	1.0	1.281394	60	60	5200.0
-11266.660069632	24925.251111552003	1.0	33.340695	60	60	6000.0
28838.955239424	14735.54795328	1.0	1.128574	60	60	7200.0
2021.8381793280005	27442.334329344	1.0	0.394702	60	60	6200.0
15148.138693247998	-729.251702784	1.0	1.582579	60	60	3300.0
-4230.295888896	1853.309284992	1.0	2.010777	60	60	1500.0
-7217.56183104	-4972.234050432	1.0	1.649631	60	60	2800.0
-20496.706572672	-6197.329467648	1.0	0.900042	60	60	5700.0
29453.61843072	26207.365586688	1.0	1.496353	60	60	7200.0
24509.908393344	-26555.72097024	1.0	1.350537	60	60	7200.0
27842.249875968	20560.217724288003	1.0	2.008511	60	60	7200.0
-18852.541196544	1042.627994496	1.0	0.985581	60	60	4800.0
22039.850207232	19462.645116288	1.0	1.868977	60	60	6200.0
17025.123037824	-19400.323269888	1.0	0.902454	60	60	6800.0
13041.816391296	-28826.122330368	1.0	0.652892	60	60	7200.0
156.3880032	-31386.041457408	1.0	59.353124	60	60	6800.0
