trucks_count 15
drones_count 15
customers 1000
depot 0 0
Coordinate X         Coordinate Y         Dronable Demand
X	Y	Dronable	Demand	Drone_service	Truck_service	Lw
6008.246031744	-5344.17276096	1.0	2.262269	60	60	2100.0
12932.086489344	14776.314246144	1.0	2.101723	60	60	5800.0
12325.954430592	7734.648886272	1.0	0.687923	60	60	4400.0
-9577.25442432	13668.554490624	1.0	37.042063	60	60	4400.0
-2470.8660768	5841.855955584	1.0	0.680383	60	60	1900.0
-2989.50132096	1503.101546496	1.0	34.707171	60	60	1200.0
-8157.734158464	-10823.012209152	1.0	1.427343	60	60	3400.0
-13122.217608192	301.28207155200005	1.0	1.9467	60	60	3100.0
-11121.930154368	7285.246011648001	1.0	0.724398	60	60	4200.0
-9163.723827456	565.13723904	1.0	0.49321	60	60	2700.0
7920.854815104	-15766.582233600002	1.0	0.20431	60	60	3600.0
13776.45134976	-561.712555008	1.0	1.88771	60	60	2900.0
-1511.074236672	8398.530645120001	1.0	44.135104	60	60	2000.0
-6362.733015936001	-3218.3226789120004	1.0	0.648006	60	60	1400.0
-10100.971976832	-6411.426937344	1.0	1.14631	60	60	2400.0
-13342.432194432002	1475.380596096	1.0	22.282456	60	60	4100.0
-13247.876797056	7426.651022208	1.0	2.047781	60	60	4400.0
15785.99896896	-8867.120118912	1.0	11.200376	60	60	3900.0
-779.0834304	-4530.055521024001	1.0	0.827969	60	60	1200.0
6142.140233856	-9210.443083776	1.0	1.703906	60	60	2200.0
13816.272957696	-9275.032495872	1.0	2.168525	60	60	5100.0
11363.896634112	8454.1254336	1.0	2.232016	60	60	3800.0
-696.54017664	12318.456496896	1.0	0.703182	60	60	2700.0
-15404.450865408002	-6304.576151808001	1.0	0.907343	60	60	4300.0
14258.211694848	12499.95187584	1.0	4.228669	60	60	4600.0
5921.223973632001	-15988.594457088	1.0	0.21286	60	60	3400.0
-5606.296274304001	-8516.242893312	1.0	41.290911	60	60	2700.0
-13866.365399040002	4593.157899264	1.0	1.137034	60	60	3000.0
2393.603080704	-15334.413823872	1.0	0.213419	60	60	4700.0
-5232.091607424	-5476.713504768	1.0	0.473201	60	60	1800.0
14542.236770688	16066.151963136	1.0	1.170743	60	60	4900.0
3099.405032064	7570.581093504	1.0	1.399073	60	60	2100.0
-3116.113241472	-10955.356612992002	1.0	1.485564	60	60	3300.0
-2741.697750528	10333.071568512	1.0	1.759576	60	60	2500.0
-6161.693763456	13931.740171008	1.0	1.803364	60	60	3400.0
-9736.64385408	10632.506113152	1.0	2.237449	60	60	3800.0
12956.93315136	9655.61338368	1.0	0.887137	60	60	3800.0
-4428.966187008	6486.192231552	1.0	1.30012	60	60	2200.0
-6377.394139776	2330.460468864	1.0	12.75775	60	60	1500.0
-293.346396288	-16004.758708224	1.0	2.2059	60	60	4700.0
-7463.80755648	-5806.073801088	1.0	0.58563	60	60	2500.0
4067.40774528	1564.89391872	1.0	2.189647	60	60	1200.0
15155.641454976	6210.012707712	1.0	1.302399	60	60	4800.0
572.144322816	-11782.65920832	1.0	0.873516	60	60	3200.0
-11750.573716992	12322.822647168	1.0	1.451592	60	60	3500.0
12405.19370112	10275.511771008	1.0	1.635157	60	60	3300.0
-11741.583921408	-15444.98702208	1.0	0.692958	60	60	6100.0
10244.718582912	15299.50232448	1.0	1.477836	60	60	4400.0
7335.769757184	7146.1294882560005	1.0	1.444295	60	60	2900.0
-6895.173212928001	-2247.653282688	1.0	53.246014	60	60	1800.0
6391.12345344	-13385.842639488	1.0	2.178303	60	60	4200.0
-9732.911785344	14560.195440384	1.0	2.129828	60	60	3400.0
-11341.174306176	4741.397793792	1.0	0.559343	60	60	3100.0
5828.059049472	11444.260836096	1.0	1.319575	60	60	3400.0
15805.632965760002	6066.579923712	1.0	0.99273	60	60	4500.0
-14830.565232384002	-2489.6101063680003	1.0	1.700186	60	60	3400.0
-13051.045979136	-14838.863010048	1.0	2.176093	60	60	6100.0
-14018.530483584	10009.496863872	1.0	2.09994	60	60	3800.0
243.889645824	-9970.093685376	1.0	1.439813	60	60	3100.0
4346.109111168	-3607.410559104	1.0	0.406522	60	60	1200.0
12352.312266624	10923.956702208	1.0	32.075072	60	60	3200.0
5003.6114304	-13758.841907712002	1.0	0.455484	60	60	3900.0
-15871.764129408	7179.405894144001	1.0	2.175129	60	60	5000.0
2171.991583872	-12859.609682304	1.0	1.049986	60	60	4000.0
-15393.581356032	-15369.368775552002	1.0	1.617849	60	60	6200.0
7579.556404991999	4792.479981696	1.0	0.647528	60	60	2000.0
14843.866460544	13348.589544576	1.0	1.689308	60	60	5300.0
15104.725029504	-2754.900808704	1.0	1.848716	60	60	4200.0
-11902.478087808	4352.01218496	1.0	0.805077	60	60	2900.0
-7508.542491648001	8825.768024832001	1.0	0.622531	60	60	3500.0
11533.30744896	-7043.874989184	1.0	0.340742	60	60	3900.0
-3943.639535616001	12173.04582912	1.0	48.854575	60	60	4000.0
-13983.371145216	7805.577504384	1.0	1.56878	60	60	5100.0
-12306.832205184	-13824.19253952	1.0	57.791683	60	60	4200.0
-7902.451966464	8954.932364928001	1.0	0.990917	60	60	2700.0
4532.598284544	-6040.642126464	1.0	0.245145	60	60	1500.0
-6884.619134976001	9512.581326336	1.0	0.569424	60	60	3300.0
3440.2286856960004	-7261.307019648	1.0	10.661336	60	60	2000.0
-14241.910649472	-1348.375995648	1.0	1.28639	60	60	3700.0
-11534.660907264	10278.577571328	1.0	1.968732	60	60	4400.0
9753.121927296	4297.991334912	1.0	1.535419	60	60	2600.0
-12193.304251392	15309.039297024	1.0	2.029437	60	60	5200.0
7064.807726592	-6646.4442696959995	1.0	16.863052	60	60	2700.0
-5262.075295488	-6083.354116224	1.0	0.39674	60	60	1600.0
-11123.103366144	1654.0531856640002	1.0	0.412101	60	60	2900.0
-10972.151726976	-9895.785444864	1.0	1.919419	60	60	4100.0
-2861.4570842880003	6121.53419328	1.0	2.188742	60	60	1600.0
12165.493177728002	5438.668612608	1.0	0.787749	60	60	2800.0
-1476.835443072	-7746.184664064001	1.0	0.724133	60	60	1900.0
-5759.52835392	-8638.573958784	1.0	0.824426	60	60	3300.0
-320.623167744	-6837.069457152	1.0	7.566001	60	60	2000.0
-6278.450061312	8916.528589055999	1.0	1.221376	60	60	2300.0
-4401.94208256	2473.206062976	1.0	0.415799	60	60	1200.0
13578.722517888	3524.192990208	1.0	0.769532	60	60	4200.0
-4994.634509568	-3468.1878190079997	1.0	14.673438	60	60	1400.0
11066.731264512	4150.617267456	1.0	1.161075	60	60	2600.0
-15420.777660288	-13456.475138304	1.0	0.829371	60	60	6200.0
7811.010649728	-3367.0711261440006	1.0	14.629549	60	60	2200.0
8333.099546112	61.399692288	1.0	1.226052	60	60	2100.0
1817.588285568	-9888.264980352	1.0	0.443396	60	60	3200.0
6800.687017344	13906.552328064	1.0	1.08729	60	60	4700.0
-8880.189601536	10433.581538688	1.0	1.39918	60	60	3800.0
3065.00369472	3684.820005504	1.0	1.57716	60	60	1300.0
6712.313110272	-957.183093504	1.0	1.689629	60	60	1500.0
-1810.539358848	10390.621709952	1.0	0.843281	60	60	2400.0
15363.391671936	-5488.392514176	1.0	0.206336	60	60	4000.0
-5932.453976064001	-5981.707949184	1.0	1.679401	60	60	1900.0
-13800.995455104	-264.714557184	1.0	1.809072	60	60	2700.0
-2050.40081664	-9939.1476096	1.0	2.118474	60	60	2800.0
-14128.765719552	1431.263649024	1.0	2.176512	60	60	3600.0
-13823.167387392	-12689.360399232	1.0	1.21565	60	60	4400.0
-10702.744322688	-14056.432144128	1.0	1.084836	60	60	3900.0
11593.514617344	-12496.131293184	1.0	16.554124	60	60	3600.0
-7869.548928384	-1328.637391488	1.0	1.799151	60	60	1600.0
-2783.532647808	-13026.281393664	1.0	1.021094	60	60	3000.0
-647.93798784	-13080.408460416	1.0	26.919717	60	60	3600.0
-13296.897415296	-4104.063773568	1.0	0.318775	60	60	3700.0
1987.62835392	-4539.652039296	1.0	1.538653	60	60	1200.0
-15595.824397824	-12460.695147648	1.0	0.623559	60	60	4600.0
-15552.24175296	7677.433488384	1.0	0.437011	60	60	5000.0
-10814.78363328	13446.532611072	1.0	1.063433	60	60	4600.0
-324.929772288	5247.929161728	1.0	24.85766	60	60	1300.0
-9341.250564096	-8780.294400768002	1.0	9.245728	60	60	2500.0
-13956.741330048	8608.261964543999	1.0	1.800558	60	60	5200.0
11408.110141824	9829.758888576	1.0	0.501737	60	60	3400.0
4530.13437888	3410.188670592	1.0	0.849482	60	60	1600.0
901.065268224	8791.505091072	1.0	1.816794	60	60	2000.0
-1847.34988416	-5437.678866048001	1.0	0.63069	60	60	1600.0
-12690.512689536	-6168.013657344	1.0	50.269524	60	60	3800.0
5958.668580480001	6601.994188416	1.0	53.389391	60	60	1800.0
-342.79831872	-4081.421912832	1.0	1.448277	60	60	1200.0
13157.935388928	2430.76122432	1.0	2.055911	60	60	4100.0
-4050.995655168	7696.568588544001	1.0	0.410576	60	60	1700.0
8263.617728256	-6157.6398259200005	1.0	0.880917	60	60	3200.0
9213.763160448	-9604.62131904	1.0	0.327148	60	60	3600.0
13162.169572992	-9692.963039232	1.0	1.726466	60	60	5000.0
407.738567808	-7011.383943168	1.0	1.744084	60	60	1900.0
9324.513386496	-8675.14469184	1.0	33.809207	60	60	3000.0
10724.126067072	8237.837646720001	1.0	0.349373	60	60	3100.0
4711.381918848	-15572.508221952	1.0	1.259088	60	60	5100.0
-8819.22926016	6442.789833216001	1.0	0.72442	60	60	3100.0
-8720.42358528	-5310.310553856	1.0	0.303491	60	60	3100.0
-6645.308072832001	1485.055972224	1.0	1.503463	60	60	2000.0
11568.317118336	11566.641791232	1.0	2.268841	60	60	4200.0
-4331.496267648	8270.296505856	1.0	1.466341	60	60	2300.0
-8125.909380864	-4897.866264192	1.0	31.08887	60	60	2100.0
-6329.934585216	-6198.43669632	1.0	1.946759	60	60	2600.0
15362.004417408	9711.480151296	1.0	56.357065	60	60	4400.0
-10541.753595648	11000.241217152	1.0	1.614218	60	60	3800.0
-7242.403665024	1594.18397952	1.0	2.075484	60	60	1700.0
13935.274290432	8551.061050752	1.0	1.057005	60	60	4000.0
13869.539025408	-6161.264068608	1.0	0.371194	60	60	4100.0
6757.057701504001	118.563591168	1.0	0.558827	60	60	1900.0
-215.912809728	-2299.9296038400003	1.0	2.236769	60	60	1200.0
-323.02109030400004	-12196.205898624	1.0	0.263886	60	60	2700.0
14059.773142272	-13322.384596224	1.0	0.817567	60	60	4500.0
2967.347091456	3767.778470016	1.0	1.194942	60	60	1200.0
-7067.033449344	4322.282773248	1.0	1.584483	60	60	2600.0
-8393.1715296	3697.067113344001	1.0	2.268723	60	60	2000.0
10080.43996608	-2613.58270272	1.0	1.857796	60	60	2000.0
-1395.018003456	2945.44552896	1.0	39.276247	60	60	1200.0
4785.384384	-95.028544512	1.0	1.587536	60	60	1200.0
-13732.88640768	-1715.317693056	1.0	1.802394	60	60	3000.0
-2599.1307936	1109.869605504	1.0	18.35109	60	60	1200.0
-3905.836045056	4458.066345216	1.0	0.981524	60	60	1300.0
1225.779388416	-11405.795905152	1.0	1.547338	60	60	2300.0
-15127.93820736	13062.148843392	1.0	1.424741	60	60	6200.0
7413.428651904001	-6013.566523008	1.0	23.343272	60	60	2700.0
-6359.818493952001	14443.075430784	1.0	0.718587	60	60	4600.0
12904.598893824	-3561.1113415680006	1.0	2.12436	60	60	3000.0
15892.476386688002	7629.159605760001	1.0	1.259371	60	60	3700.0
-14405.032147968	-9575.432646912	1.0	2.04668	60	60	5300.0
-11164.84814016	-585.035168256	1.0	0.527565	60	60	2800.0
-14736.24801792	-13021.290817920002	1.0	51.363363	60	60	4500.0
-13039.535950848	-1154.923190784	1.0	1.704671	60	60	2600.0
-7773.8154912	13637.769349248	1.0	0.241255	60	60	4200.0
9005.364377856	11152.86657408	1.0	1.403996	60	60	2800.0
7171.20467712	12556.690907904002	1.0	28.971331	60	60	3800.0
-13220.059286016	-13102.5948768	1.0	0.327787	60	60	5000.0
-249.060468096	13656.935026944002	1.0	1.870044	60	60	4400.0
12096.270464256	-9768.125841408	1.0	0.380177	60	60	3900.0
8953.522579584002	1460.6406144	1.0	0.667602	60	60	2500.0
-13751.210398464	-129.075826176	1.0	1.724481	60	60	3300.0
6611.109512832	12494.637821952	1.0	0.707848	60	60	3300.0
-9672.598400256	-10941.55970688	1.0	1.742057	60	60	3300.0
-10442.585818368	1045.3091616000002	1.0	0.355629	60	60	2800.0
5630.7196788480005	-11826.154948608	1.0	0.387465	60	60	3100.0
14388.108286464	11408.742614016	1.0	2.210846	60	60	3600.0
10441.654008192	-12430.244749824	1.0	1.179449	60	60	4900.0
-9639.239917824	13818.263716224	1.0	1.563171	60	60	3900.0
-9379.697792256002	-13303.004875776	1.0	40.947062	60	60	3400.0
-6205.242612096	15258.499458048	1.0	2.060698	60	60	4500.0
-4408.4196921600005	10104.377348736	1.0	11.896685	60	60	2300.0
-15178.198020480002	-13911.64429248	1.0	0.757291	60	60	4100.0
-15493.88693952	-6168.911671296	1.0	1.535348	60	60	3300.0
2858.0903366400003	12593.683289088	1.0	1.060475	60	60	2800.0
1831.568656896	-4571.797076352001	1.0	6.113033	60	60	1600.0
-12956.319991296	15129.975636864	1.0	0.590871	60	60	4500.0
-4190.652918144	4686.992310528	1.0	0.627782	60	60	1500.0
-8228.14939584	6405.3371796480005	1.0	1.336533	60	60	3200.0
-9272.616870528	-7974.426658175999	1.0	25.233503	60	60	2700.0
13185.783477504	8149.429943424	1.0	0.922837	60	60	4800.0
2673.525938688	-4863.175244928	1.0	2.174985	60	60	1700.0
13816.97463168	6079.668718464	1.0	0.611248	60	60	3100.0
-15370.86063744	-9721.908700416	1.0	1.459105	60	60	5600.0
4629.287672064	-11730.590492544	1.0	0.700156	60	60	3500.0
14795.785699200002	-1835.265320064	1.0	57.458229	60	60	3300.0
-14526.239891328	8235.811482624	1.0	2.111662	60	60	4200.0
11127.627232128	-3851.668744704	1.0	1.106586	60	60	3500.0
7160.280450048001	-2024.641656576	1.0	0.308093	60	60	2400.0
-12222.98377344	-6174.0261665279995	1.0	1.018386	60	60	3700.0
12133.15019136	13488.015062016	1.0	1.590885	60	60	5700.0
-3072.1105578240004	-3417.403359744	1.0	1.325606	60	60	1400.0
-7917.655439232	-1027.813982976	1.0	1.894619	60	60	1800.0
-7780.030777728	2621.107995264	1.0	1.418577	60	60	2500.0
-8313.747184512	-3778.7896016640007	1.0	2.175056	60	60	2500.0
6775.212711168	13499.542793088	1.0	0.932718	60	60	3100.0
8488.18719936	-8540.035435008	1.0	46.410463	60	60	2900.0
14377.008640896	11435.914778112	1.0	1.823468	60	60	4900.0
16081.271750016	-10465.62840576	1.0	56.855233	60	60	5600.0
3866.270322816	-4824.330508800001	1.0	0.341161	60	60	1500.0
13823.622831744	12938.90045184	1.0	24.10031	60	60	4800.0
-13819.745922048	12268.034140032	1.0	0.92016	60	60	4400.0
4766.300782848	-9982.067204736	1.0	1.255774	60	60	2500.0
4751.99854272	3834.09309888	1.0	1.717072	60	60	1400.0
1630.32179904	-9491.101411968	1.0	7.474536	60	60	3000.0
12577.61881728	-454.295280384	1.0	2.078104	60	60	3100.0
-14871.064374144	10305.233136	1.0	0.411625	60	60	4000.0
-8831.238185088001	-5811.471540864	1.0	1.006992	60	60	3000.0
14689.890864	-8735.694650496	1.0	0.885362	60	60	4300.0
-10960.941036672	9929.658917376	1.0	0.454389	60	60	3700.0
303.15212928	-1100.755890432	1.0	1.464312	60	60	1200.0
14114.40554304	-3194.749008	1.0	0.614857	60	60	4300.0
-1287.573369984	-4285.953441792	1.0	1.796329	60	60	1200.0
-1567.262873088	-6728.443565184	1.0	0.798607	60	60	2100.0
-14194.565358336	-10381.163595264	1.0	1.667274	60	60	5100.0
5052.092918400001	-1408.655584512	1.0	0.938499	60	60	1200.0
1870.120492416	2985.55038144	1.0	29.141277	60	60	1200.0
5726.2728695040005	13783.888128384002	1.0	2.225818	60	60	4400.0
15088.819882752	-818.542935936	1.0	0.537643	60	60	3100.0
-13442.686278912	-14911.362347904002	1.0	1.14965	60	60	5200.0
1121.160763008	-13651.624191744	1.0	0.691958	60	60	3000.0
2873.8667358720004	11015.240303232002	1.0	0.676831	60	60	2200.0
-10969.44159168	-13513.333261824	1.0	1.80041	60	60	3400.0
1838.53872576	15925.292520192	1.0	1.763576	60	60	4200.0
-4511.082964608	-12291.261801984	1.0	1.816339	60	60	3700.0
5293.158165504001	-5289.146070912	1.0	1.683021	60	60	1800.0
6377.592089088	14211.790167168	1.0	1.591114	60	60	3400.0
1516.697284608	-15455.967576192	1.0	0.299072	60	60	4800.0
6098.90681664	3753.868909824	1.0	1.657629	60	60	1900.0
-4641.644215296	4053.110333184	1.0	1.328672	60	60	1300.0
3019.291887744	-9260.176641408	1.0	0.548807	60	60	2600.0
7974.634263552	-14960.157657984002	1.0	41.404812	60	60	4800.0
-3625.069890816	9284.769027072	1.0	0.794841	60	60	2800.0
-4457.144191104	-2876.72654016	1.0	0.431993	60	60	1300.0
-7423.789608576	-11824.886785536	1.0	30.067157	60	60	3100.0
8981.565398784	-11644.31195136	1.0	1.88722	60	60	3400.0
-15758.268362496	-12167.4855456	1.0	1.912032	60	60	6200.0
-1106.774836992	14877.376221312	1.0	52.353494	60	60	4200.0
-6831.398128896	-13944.270523392	1.0	0.537936	60	60	4600.0
5142.182386176	10245.391288704	1.0	0.627923	60	60	2600.0
3324.9449376	-8233.423216128	1.0	0.907349	60	60	1900.0
1141.2083612160002	-8547.665334912	1.0	1.443199	60	60	2600.0
11934.67784256	-1000.844596224	1.0	0.634741	60	60	2300.0
928.40641344	190.092494592	1.0	1.711182	60	60	1200.0
14308.312182912	5262.624081792	1.0	0.277915	60	60	3100.0
4037.198749056	-11138.033250432	1.0	40.717075	60	60	3600.0
-3452.1635807999996	-13758.650395776	1.0	0.392306	60	60	2900.0
15694.531902719998	-10628.07558912	1.0	2.064251	60	60	4400.0
14048.256676608	-6843.431193984	1.0	0.84332	60	60	3400.0
6922.0701792	7072.0610400000005	1.0	45.412395	60	60	2600.0
-12556.105106688	-9967.639435776	1.0	1.908074	60	60	3500.0
-3190.909113216	1509.184866816	1.0	21.657966	60	60	1200.0
-5290.102021248	5748.06982464	1.0	1.423383	60	60	2100.0
-10160.562766464	-6788.109993984	1.0	21.081235	60	60	3400.0
2449.5519248640003	-13235.943511296002	1.0	16.106214	60	60	3800.0
8466.520601088	1070.360210304	1.0	1.193537	60	60	1800.0
-15005.504143872	2731.874314752	1.0	1.261215	60	60	4000.0
7885.615009536	14070.208128768	1.0	1.757841	60	60	4800.0
-1852.438629888	15404.9626368	1.0	23.905464	60	60	5000.0
8526.154843008	-1269.254207232	1.0	0.625708	60	60	2300.0
5313.855938688001	2250.067298688	1.0	1.333707	60	60	1500.0
-11044.17148032	967.36058496	1.0	26.055295	60	60	2700.0
12417.015942144	6681.875587200001	1.0	1.444254	60	60	3200.0
12248.820182016	-13945.229692416002	1.0	2.213375	60	60	4100.0
-2210.821835904	6941.651067647999	1.0	1.971256	60	60	2100.0
16021.159532928	4836.49714944	1.0	2.212211	60	60	3600.0
4279.9296672	3712.417036416	1.0	1.337401	60	60	1400.0
14366.237301504	-837.0069396480001	1.0	1.986213	60	60	3400.0
1120.584617856	-2248.948804608	1.0	20.838303	60	60	1200.0
-13061.110816512	3811.206617856	1.0	1.404713	60	60	3500.0
8936.539172352	-7226.751185280001	1.0	0.738248	60	60	3200.0
-11132.260533504	10350.734118912	1.0	1.173011	60	60	4700.0
14019.900035328	-8492.105952	1.0	2.173934	60	60	3800.0
-6517.579267584	-13913.5433184	1.0	0.306818	60	60	3600.0
-13987.940072832002	5582.986535808001	1.0	2.166545	60	60	4400.0
4131.01706688	5535.860115456	1.0	0.256058	60	60	1400.0
-2330.025945984	6419.547687168	1.0	1.869526	60	60	2100.0
-3846.592873728001	12375.993763584	1.0	0.641496	60	60	3700.0
101.707322112	7813.143030528	1.0	0.230899	60	60	1700.0
15310.730717568002	13053.648288384	1.0	0.254927	60	60	4400.0
11542.772001024	10856.418971904	1.0	1.307922	60	60	4100.0
-4833.13362048	13482.950456448	1.0	1.616354	60	60	3800.0
-14115.997184256	12624.30588672	1.0	19.568754	60	60	4800.0
-6964.125556608001	8709.05356992	1.0	1.156357	60	60	2500.0
1932.936407424	2096.296088832	1.0	1.536032	60	60	1200.0
7373.063085696	-7848.273400704001	1.0	1.572577	60	60	2300.0
-1814.453283456	-2973.573643392	1.0	0.215659	60	60	1200.0
10002.04077312	2186.203700736	1.0	0.567975	60	60	2400.0
-8352.97011648	-1063.860069888	1.0	0.797856	60	60	2000.0
-10726.440303744	7166.029026816001	1.0	1.841379	60	60	2600.0
-5455.478210688	-7544.289240576	1.0	1.931957	60	60	2900.0
-6963.102013824	-5947.671932928	1.0	0.258982	60	60	2000.0
14286.574773504002	-9738.945216	1.0	0.447203	60	60	3800.0
5817.221726975999	2595.232962432	1.0	56.440646	60	60	2000.0
4540.323135744	-6011.759229696	1.0	0.253773	60	60	1700.0
-11034.068018688	-1099.24632576	1.0	1.629732	60	60	3400.0
5409.724560768001	-14092.919191296	1.0	41.533824	60	60	3000.0
-10724.33850048	11756.39471424	1.0	2.130427	60	60	4700.0
4801.419887616001	-15147.887635584	1.0	45.978547	60	60	3100.0
5323.346240256001	11439.532583424	1.0	2.031533	60	60	2800.0
7137.899303040001	14659.722101376	1.0	1.752343	60	60	4100.0
-7942.6356768	-8430.582340224	1.0	19.675101	60	60	2200.0
-11143.849419648	-10620.424767744	1.0	0.398101	60	60	3800.0
1760.4099025920002	726.219698688	1.0	56.299138	60	60	1200.0
3434.3948136960003	9349.535467008	1.0	1.842523	60	60	2700.0
-11437.976347776	-5502.577272192	1.0	0.683038	60	60	3000.0
7065.72022464	12929.497054848	1.0	1.719988	60	60	3100.0
14034.1636512	-1811.390701824	1.0	12.075619	60	60	4100.0
6616.056636288	12080.582578944	1.0	0.838863	60	60	3300.0
-14492.442057984	5413.746311424	1.0	40.381213	60	60	4500.0
3345.7328340480003	-10566.585773568	1.0	1.991995	60	60	2400.0
-15928.847561088	-3723.954423552	1.0	0.389113	60	60	4900.0
8303.08045248	636.275071872	1.0	1.730293	60	60	2600.0
-4164.7827133440005	7785.452657664	1.0	1.983938	60	60	2300.0
-11429.733287808	-5154.590428416	1.0	1.476539	60	60	2400.0
7024.45664448	11276.243713152	1.0	1.225685	60	60	3400.0
1568.770828416	-102.95939174400002	1.0	0.888896	60	60	1200.0
-10455.6263328	6589.1113896960005	1.0	0.749239	60	60	3400.0
12853.80638784	6254.813625984	1.0	1.267386	60	60	4400.0
2522.049653376	-2406.8946528	1.0	1.134532	60	60	1200.0
-6576.986592000001	-1126.943136	1.0	5.045329	60	60	2000.0
14329.732551552	-11614.664616192002	1.0	0.901415	60	60	4200.0
8465.770646784	-7727.759284608001	1.0	1.42829	60	60	3200.0
-11748.66181632	-2492.333116416	1.0	0.222707	60	60	2400.0
-6407.960410368	10354.652871552	1.0	1.678326	60	60	2500.0
5380.30253376	-12448.67012928	1.0	2.265272	60	60	4000.0
-12065.279326848	-11812.768425216	1.0	1.376047	60	60	4800.0
10143.476361216	-5813.343207936	1.0	1.543388	60	60	2800.0
13791.228346368	13525.380811008	1.0	1.092484	60	60	5200.0
-3053.292498432	-876.6965813759999	1.0	1.775161	60	60	1200.0
5618.593271808	13019.908391424002	1.0	2.078711	60	60	3100.0
-4485.927308544	-12797.492222592	1.0	34.35372	60	60	4000.0
-1968.416005248	-1522.336425984	1.0	1.743855	60	60	1200.0
748.100339712	-11450.262079872	1.0	0.727567	60	60	2700.0
3536.673452928	11274.632759808	1.0	1.703578	60	60	3700.0
-8016.636532608	1097.641809792	1.0	1.356029	60	60	2300.0
-676.4636102400001	-10760.096514816	1.0	1.997985	60	60	2300.0
7583.125929983999	6484.943380608	1.0	0.777722	60	60	2600.0
-2742.9144145920004	11998.366022016	1.0	57.759713	60	60	3100.0
-14215.292099712002	522.430077312	1.0	14.969493	60	60	4500.0
13168.434749184002	-7643.091696768	1.0	0.933329	60	60	4300.0
7618.615183872001	-11342.693526912	1.0	0.591884	60	60	4200.0
-10738.0259712	2637.447664896	1.0	1.74411	60	60	2700.0
-16030.48246272	-11633.040105984	1.0	25.721537	60	60	4100.0
2380.338867456	-8692.849085184002	1.0	1.796814	60	60	2300.0
-8365.207568255999	-9566.6649408	1.0	0.257608	60	60	3000.0
-15765.714797184	3129.781400064	1.0	2.21795	60	60	3600.0
8570.067403392	-13181.401233792	1.0	1.972674	60	60	3900.0
-4717.986666624	13488.16151232	1.0	0.827792	60	60	2900.0
5036.73977664	-4110.604147584	1.0	1.801122	60	60	2000.0
-6176.922985728001	-12161.931699456	1.0	1.996068	60	60	2900.0
-339.140279808	-14751.111919104	1.0	0.275537	60	60	4000.0
6909.473843712	7540.07436864	1.0	37.134049	60	60	2800.0
7831.722907008	-13369.369394304	1.0	1.433973	60	60	3600.0
-6700.732270848001	5448.50653248	1.0	1.986716	60	60	1900.0
-1508.433303168	-1983.939737472	1.0	1.890626	60	60	1200.0
-12051.871881984	-11522.872462464	1.0	1.339115	60	60	5000.0
7279.719524352	-3187.7934232320004	1.0	0.807185	60	60	2100.0
14444.959972608	-8856.376138368001	1.0	1.317556	60	60	3800.0
-10839.239224704	10095.530784768	1.0	2.387476	60	60	3600.0
15570.213297408	2768.0137436160003	1.0	2.1003	60	60	3800.0
-14472.365491584	2117.705192064	1.0	0.765275	60	60	4000.0
-13791.431123711998	9103.265601408	1.0	1.73364	60	60	4800.0
6813.362210688	10497.995532288	1.0	1.909145	60	60	2900.0
15233.556235392	10675.924604928	1.0	1.455644	60	60	4700.0
13951.792597248	-10409.504143104	1.0	44.498438	60	60	4100.0
-13743.10574208	-12897.809071488	1.0	1.024701	60	60	4900.0
-5497.169876352	13168.664885376002	1.0	22.362119	60	60	3400.0
13079.198233728	-15673.689288576	1.0	1.360845	60	60	4100.0
10276.049291904	-10935.030598272	1.0	0.989299	60	60	3900.0
10506.751972992	-1947.167836416	1.0	2.10226	60	60	2600.0
-2074.6198344960003	-1059.661291392	1.0	1.933434	60	60	1200.0
-11338.69752576	-8752.713463296	1.0	2.032735	60	60	4500.0
15197.444165376	-8233.764397056	1.0	0.745871	60	60	4800.0
6138.3180418560005	-8971.968880512	1.0	0.706349	60	60	2500.0
-15720.133347072002	-13833.858259584002	1.0	0.834755	60	60	6400.0
-9221.727803904	-11543.151806208	1.0	1.408001	60	60	4100.0
-1827.70784064	3525.417700992	1.0	14.145312	60	60	1200.0
15017.574223872	-6238.665468288	1.0	16.319646	60	60	3800.0
-5784.278455296	4963.3102379520005	1.0	1.482419	60	60	1900.0
-12578.558674176	13382.897539968	1.0	1.665708	60	60	4100.0
3830.613697152	682.221843072	1.0	2.098828	60	60	1200.0
-1385.31526848	-6004.6845534720005	1.0	43.289102	60	60	2000.0
-1698.342332544	8891.694801792	1.0	1.134419	60	60	2600.0
-13258.271549952	8702.453650176001	1.0	0.804954	60	60	4100.0
8298.423010944	-1527.5329977600002	1.0	1.229965	60	60	2300.0
12874.420475136	-4542.251129856	1.0	1.871508	60	60	3400.0
-9807.763984128	1767.4845788159998	1.0	1.667907	60	60	2400.0
-1072.616510592	1317.407389056	1.0	0.81231	60	60	1200.0
8548.391149056	-5940.2335449600005	1.0	0.85295	60	60	3000.0
14380.513792128	-8102.847481344	1.0	2.070066	60	60	5000.0
-6720.1071632640005	7263.881970048001	1.0	0.80967	60	60	2400.0
4584.382146432001	3301.6770420479997	1.0	0.457286	60	60	1400.0
11518.438719744	11605.344905088	1.0	0.701956	60	60	4100.0
10309.92437376	-12798.94385088	1.0	43.451533	60	60	4500.0
11471.294596608	8487.958672512	1.0	0.521626	60	60	4200.0
-8324.475071616002	2165.390054784	1.0	0.508511	60	60	1700.0
-8796.350825856	-3640.720761216001	1.0	2.260503	60	60	2600.0
-8697.300530688	5631.984623232001	1.0	0.80334	60	60	2800.0
3997.140567552	-13466.549631744	1.0	1.53677	60	60	2800.0
1506.640493952	13729.019154048	1.0	0.299053	60	60	2900.0
15018.638000256	4489.411538304001	1.0	1.022373	60	60	5000.0
-10702.996989696	11361.369964032	1.0	2.264084	60	60	4500.0
2632.885174656	-13260.436117632002	1.0	0.344336	60	60	3000.0
-12562.939990656	-10939.736320128	1.0	0.815529	60	60	4700.0
3233.321764992	-5180.681113344001	1.0	2.217312	60	60	1200.0
-3751.310052864	-7377.32945664	1.0	1.224174	60	60	1700.0
8129.21497344	-3402.4412885760003	1.0	1.313886	60	60	2300.0
4009.091556096	14239.889313408	1.0	0.788231	60	60	3100.0
4333.124923776	8639.969260032001	1.0	47.836109	60	60	2100.0
12144.19833792	-8194.995300096	1.0	37.015423	60	60	3600.0
11857.43737728	7594.66331712	1.0	17.18094	60	60	3600.0
-6601.170204288001	-7102.823650560001	1.0	1.119311	60	60	1900.0
-11424.855366144	-2548.37208384	1.0	1.110746	60	60	3300.0
7916.152311936	10817.38272384	1.0	1.864195	60	60	2800.0
3028.643785728	2004.4765762560005	1.0	26.967996	60	60	1200.0
-4015.64319552	12071.151823104	1.0	1.82649	60	60	2700.0
-8183.004077952	1567.394839296	1.0	1.104323	60	60	2100.0
8404.449812352	11624.325508224	1.0	14.244845	60	60	4500.0
85.74906700800001	9561.151328256	1.0	1.631247	60	60	2500.0
6441.602137344001	14782.091791104	1.0	15.593712	60	60	3200.0
-6933.473990784	-13758.425087616	1.0	0.408925	60	60	4800.0
-9506.216370816	-3816.75241728	1.0	1.319822	60	60	2300.0
7080.057870336001	31.678327296000003	1.0	2.114985	60	60	2000.0
-14194.22095872	15930.344251008	1.0	1.632383	60	60	6300.0
11997.542037888	8231.707655424	1.0	57.106614	60	60	4400.0
6032.447346816	-1268.729561088	1.0	1.552549	60	60	1400.0
-4961.694456576	5106.451730688	1.0	1.467546	60	60	2300.0
13444.51610304	-5410.699823232	1.0	1.320103	60	60	4100.0
10825.394038272	1196.846601984	1.0	57.047608	60	60	2700.0
-12447.56772864	1990.190429568	1.0	13.154175	60	60	2500.0
-2575.7454159360004	193.27416768	1.0	0.916784	60	60	1200.0
1213.680340224	12364.69455936	1.0	0.903718	60	60	2700.0
6027.625752192	2445.73617024	1.0	2.22751	60	60	1700.0
15698.548825344	-4162.695394176	1.0	1.383039	60	60	4000.0
5392.029823488	3982.526114688	1.0	1.716748	60	60	1700.0
-1919.406652416	-11361.881735424	1.0	0.870607	60	60	3200.0
-1761.045593472	-213.38292096000004	1.0	44.872838	60	60	1200.0
-2520.18442368	-7779.470726016	1.0	0.464681	60	60	2500.0
12748.12076736	6995.705713920001	1.0	1.310746	60	60	3400.0
-7598.693114496	-6097.221833472	1.0	22.528006	60	60	2700.0
8194.102114176001	-4468.227743232001	1.0	44.205651	60	60	2700.0
-3415.974262272	639.0801584640001	1.0	1.188793	60	60	1200.0
1524.436619904	-9500.28754752	1.0	25.948492	60	60	2200.0
9124.694016768	-9574.267481856	1.0	2.901924	60	60	2700.0
2492.370131328	15285.904977024	1.0	0.849115	60	60	3600.0
6139.661844096	5972.02613568	1.0	0.678884	60	60	2700.0
13145.2424928	-3601.723137408	1.0	2.25497	60	60	2800.0
-10439.367130368	-5023.69604352	1.0	29.589851	60	60	3600.0
-7436.443880448	9512.602247808	1.0	0.591261	60	60	3200.0
-818.565466752	-15623.714329344	1.0	39.495167	60	60	3400.0
-321.696600192	-12219.996830976	1.0	14.937865	60	60	3600.0
8262.265879296001	12738.337565184002	1.0	0.506949	60	60	4800.0
-11283.068941056	-13172.815383552	1.0	0.31007	60	60	3400.0
11594.707141248	-10016.845128576	1.0	1.208849	60	60	4700.0
2656.732434048	2889.403342848	1.0	3.179264	60	60	1200.0
6398.619777792001	13121.44834176	1.0	1.703387	60	60	3100.0
5076.439074432	-10416.450071808002	1.0	1.922344	60	60	2800.0
12645.732692736	3170.364227712	1.0	1.117117	60	60	2900.0
12392.066282112	-13112.19461376	1.0	0.775651	60	60	4400.0
-13944.014637695998	3809.973860352	1.0	25.128643	60	60	3500.0
5359.16380032	-2334.5948736	1.0	10.636877	60	60	1200.0
4326.97883904	-9550.833823872	1.0	13.861578	60	60	2400.0
9651.48541632	-5437.208937599999	1.0	42.322962	60	60	2300.0
12217.31888256	-8036.330075136	1.0	0.551699	60	60	3800.0
-15769.828280448	-6857.469501696001	1.0	0.435181	60	60	5200.0
-14107.794357888002	9020.730394368002	1.0	1.031926	60	60	4400.0
-8067.696189696	14091.789431808002	1.0	53.324385	60	60	5100.0
-9897.893685504	4837.75243776	1.0	0.896111	60	60	2800.0
-10443.979510272002	7329.152134656	1.0	0.3331	60	60	2700.0
-8382.865290624	-15571.679409792	1.0	2.142188	60	60	5600.0
-10339.846906752	-10329.320187648	1.0	0.566482	60	60	3600.0
-10731.971619072	8348.861461248	1.0	0.969466	60	60	2700.0
3304.499831424	6371.025965568	1.0	7.77808	60	60	2000.0
-4888.689784704	-7144.212759552	1.0	17.255913	60	60	1800.0
-10445.72082048	11318.254028928	1.0	0.54651	60	60	3800.0
12031.85003328	7744.707286272	1.0	1.163606	60	60	4300.0
2382.728743296	-13192.175791872	1.0	2.148011	60	60	4100.0
-6132.283001856	-3048.28261056	1.0	0.757867	60	60	2100.0
536.487697152	-6691.0826442239995	1.0	1.580146	60	60	2100.0
-15132.738880512	-12779.59148928	1.0	1.229188	60	60	5900.0
13266.968444928	-2145.286129536	1.0	2.066421	60	60	2800.0
10321.939736064	-10287.49816512	1.0	23.146359	60	60	3100.0
11593.809127296	-14594.426187264	1.0	1.213986	60	60	5200.0
12581.15937408	-15635.245279104	1.0	0.757119	60	60	6300.0
4158.784688256	-11275.913797632002	1.0	1.56205	60	60	2800.0
11586.103588224	-12269.460018816	1.0	12.392385	60	60	5000.0
-8320.033282176	-13075.274653056	1.0	26.610374	60	60	3300.0
-13506.022012032	-12755.70882432	1.0	0.650857	60	60	3900.0
15132.631054464002	12850.505623296	1.0	0.912347	60	60	6000.0
232.89782630400003	9384.14119104	1.0	0.744057	60	60	2600.0
-2277.51948864	-15550.42319424	1.0	1.187631	60	60	3600.0
-15527.733053184	13319.006583168	1.0	1.796252	60	60	5500.0
-2564.4961013760003	-14349.839695488	1.0	5.947815	60	60	4000.0
-5129.4218976	-6816.358809216001	1.0	2.080999	60	60	2200.0
-5553.5226658560005	-12233.11459392	1.0	1.984632	60	60	3600.0
-1405.8022176	-5649.462099072	1.0	0.69937	60	60	1500.0
14776.758425088	-5533.486333056	1.0	1.035036	60	60	4500.0
13976.986877568	-15729.831254016	1.0	0.548404	60	60	6300.0
-10840.454279424	11077.21935936	1.0	1.654989	60	60	4200.0
-13094.575515648	-5772.279186432	1.0	1.921619	60	60	2800.0
-11689.610156928	14435.612902656	1.0	1.848774	60	60	4700.0
-5137.5088512	7507.779662592	1.0	56.863346	60	60	2300.0
-13860.53152704	6244.462325376	1.0	0.750961	60	60	4500.0
-2182.798328832	-2309.588886528	1.0	0.567848	60	60	1200.0
2426.5914140160003	8881.670198016	1.0	0.457763	60	60	2900.0
-5317.766644608	6466.756184064	1.0	2.04235	60	60	1900.0
579.6454752000001	-7470.323790336	1.0	1.983775	60	60	2000.0
3261.3034291199997	-12946.417697664	1.0	1.045564	60	60	4100.0
9610.770622464	9740.025085824002	1.0	1.213446	60	60	3500.0
-4053.813616512	-6094.627570944001	1.0	1.806412	60	60	2300.0
-3956.4112896	-1962.2506083840003	1.0	0.42663	60	60	1300.0
5852.418080256	-2618.8661790720003	1.0	48.559368	60	60	1300.0
6421.66075584	-15050.572213248	1.0	0.794376	60	60	4000.0
7094.062381824	-13873.539854592002	1.0	1.993481	60	60	3600.0
-5197.9992641280005	-13160.3703264	1.0	36.177578	60	60	3300.0
11660.838304896	-1815.035865984	1.0	1.660731	60	60	2800.0
11818.24180416	15035.695437312	1.0	0.510545	60	60	4300.0
-1346.72319936	14070.259627776	1.0	1.105577	60	60	3900.0
-2169.769079808	-12817.126219392	1.0	0.833633	60	60	2600.0
-11781.326671488	884.818940544	1.0	1.618033	60	60	3200.0
-7798.227630336	-14656.125217536	1.0	1.846686	60	60	4000.0
-5827.835350656001	13485.074790528	1.0	1.200912	60	60	4500.0
-6062.52759552	7010.976779136	1.0	0.315267	60	60	2900.0
-15968.93310144	7135.834514688001	1.0	31.020595	60	60	3500.0
13246.68749184	-6233.039201664001	1.0	2.095322	60	60	3500.0
1916.735141376	11671.049592576	1.0	1.63355	60	60	2900.0
12170.303506944	4333.821769728001	1.0	2.105683	60	60	4100.0
-4308.041688192	-15812.149199616002	1.0	2.112568	60	60	3300.0
-11746.123880832	5747.873484672	1.0	1.232035	60	60	3800.0
6558.199110144001	11839.705625088	1.0	1.158155	60	60	3500.0
10561.17515904	4175.663488128001	1.0	1.956657	60	60	2200.0
12954.6559296	-13116.932522496	1.0	0.452195	60	60	3700.0
3199.884424704	-3868.133943168	1.0	1.031192	60	60	1500.0
8340.988550400001	15977.720119680002	1.0	1.176833	60	60	5300.0
-8724.34233792	-4765.433346432	1.0	1.842361	60	60	2500.0
7101.009919872	15098.292481536	1.0	0.221225	60	60	4300.0
5314.967995392	-10342.693836288	1.0	0.242996	60	60	3200.0
677.1411440640001	-5271.2952272640005	1.0	42.284674	60	60	1600.0
4150.686469248	-7452.044861184001	1.0	0.27004	60	60	1900.0
-2972.591943552	-3614.927804928	1.0	24.939319	60	60	1200.0
5916.651827328	14881.480048512	1.0	0.311363	60	60	3500.0
-15024.438076032002	-6635.289906432	1.0	0.323253	60	60	3500.0
6916.035139199999	-9383.23191168	1.0	1.786787	60	60	2700.0
1122.528705408	8773.248692736	1.0	1.270656	60	60	2300.0
12006.415960704	-4762.88575488	1.0	39.388761	60	60	2700.0
-9016.620129792002	-3767.714096256	1.0	0.767891	60	60	2800.0
-15504.318707328	-3502.1771642880003	1.0	0.536333	60	60	4600.0
-7932.855693312001	-16080.576513408	1.0	2.263839	60	60	3800.0
6230.718527616001	-1986.223396608	1.0	0.765201	60	60	1800.0
-12541.941270144	12765.926549376	1.0	1.290651	60	60	4400.0
1013.236545024	-9033.016126464	1.0	33.434183	60	60	2500.0
-12613.487876352	8599.857970175999	1.0	1.183361	60	60	3100.0
-15447.407475456	15794.620224768	1.0	1.156843	60	60	6400.0
12479.921980416	4208.48284032	1.0	0.600709	60	60	3900.0
-6213.344049792	-7649.9362368	1.0	1.660404	60	60	2200.0
-15075.154942848	16022.063984256	1.0	1.558253	60	60	4800.0
-819.4377312000001	10676.68582464	1.0	24.485871	60	60	3300.0
-5736.358628352	-12028.909761792	1.0	0.62899	60	60	3300.0
6937.558505856001	16076.575684224	1.0	2.133021	60	60	3500.0
2740.1737017600003	12438.819334656	1.0	16.86672	60	60	3000.0
-5727.481486848001	-9289.468311552	1.0	1.605566	60	60	3000.0
10334.537680896	5443.7460929280005	1.0	1.612065	60	60	3100.0
10583.564352768	-4471.14387456	1.0	0.928224	60	60	2300.0
-5850.778158720001	-10376.010475776	1.0	10.952378	60	60	3500.0
-1829.457197568	9253.980667008	1.0	11.406194	60	60	2600.0
-12994.614331776002	-15380.053210368002	1.0	15.033756	60	60	5300.0
7543.8	-10971.913544064	1.0	0.879654	60	60	3400.0
5321.468135808001	-712.5708522240001	1.0	1.41843	60	60	1600.0
14878.77956928	8741.861656704	1.0	1.733529	60	60	3500.0
-389.866802688	-8023.61786688	1.0	34.888581	60	60	2400.0
64.121092992	10084.802897664	1.0	0.637239	60	60	2100.0
13028.346182016	8049.805112448	1.0	39.735055	60	60	4600.0
8551.014379776001	61.18725888	1.0	1.437776	60	60	2500.0
-5150.5847712	5791.543034112001	1.0	1.02884	60	60	1600.0
-13259.895378048	-6034.257858816	1.0	17.503833	60	60	3900.0
-14313.816139392	3148.296902784	1.0	0.502816	60	60	3100.0
-14945.258351232	-13779.444729600002	1.0	53.943491	60	60	4700.0
-11402.953803648	12009.153454848	1.0	1.709895	60	60	4200.0
-15712.704615168	6722.390822400001	1.0	2.063812	60	60	3500.0
2669.929054848	-374.39778816000006	1.0	0.55891	60	60	1200.0
328.986928512	-6744.3342278400005	1.0	1.430053	60	60	1900.0
6043.707926784	12601.800820224002	1.0	0.681525	60	60	4400.0
-3032.725082112	8246.758240512	1.0	26.235453	60	60	2600.0
-3636.914662656	9000.267585408	1.0	55.792278	60	60	2000.0
-13058.181810432	7211.069737344	1.0	2.108931	60	60	3200.0
-3539.0182671360003	9471.65731776	1.0	1.321078	60	60	2800.0
-1899.05006016	-4018.366205568	1.0	59.869874	60	60	1200.0
-10849.427981568	-6476.272235136	1.0	0.262184	60	60	2900.0
-15936.694722432	10673.1291744	1.0	13.507351	60	60	4200.0
-10249.575583104	3975.47396928	1.0	1.177854	60	60	2300.0
-8536.790997504	-11617.606497024	1.0	0.276315	60	60	4300.0
4844.820676608	556.522420608	1.0	2.248148	60	60	1400.0
6696.728222976	6813.394397568	1.0	1.86015	60	60	1900.0
14842.511392896	-13150.387565568	1.0	0.640481	60	60	5000.0
-7781.40354816	3421.040477184	1.0	7.392948	60	60	2600.0
4357.5402816000005	15109.163600256	1.0	0.580534	60	60	4200.0
-485.23491878399994	-15096.99052224	1.0	1.465096	60	60	4600.0
-9129.291912576	-11438.301435264	1.0	0.921209	60	60	3500.0
13065.848725248	-108.653250816	1.0	0.377737	60	60	2700.0
7149.859947648	10696.395460608	1.0	0.406259	60	60	2800.0
7096.515022080001	-7449.162526079999	1.0	1.571287	60	60	3100.0
-4698.877315968	4964.856817536	1.0	1.002832	60	60	1400.0
-3654.55468224	8395.89936768	1.0	0.279389	60	60	2000.0
-13700.28914496	15103.569520512	1.0	38.834871	60	60	4700.0
5874.767040384	-12535.21260288	1.0	2.074954	60	60	4300.0
-8664.534286848	8308.587627648	1.0	0.650206	60	60	2500.0
4765.63773312	-10955.37592512	1.0	2.027036	60	60	3800.0
8253.256771584	-5133.7059713280005	1.0	0.868559	60	60	2900.0
-3840.139404288	-12193.441045632	1.0	28.682816	60	60	3000.0
-10079.61115392	-11194.867233792	1.0	1.728787	60	60	4100.0
15118.135693056	3905.16977664	1.0	2.076296	60	60	3800.0
11846.197718784	-900.1511608320001	1.0	1.279774	60	60	3200.0
-1522.3187232	-13330.473159168	1.0	2.191257	60	60	4100.0
15135.302565504	3686.134839552	1.0	1.490757	60	60	4700.0
-15707.046161664002	1933.742688768	1.0	2.089268	60	60	3200.0
-1950.080749056	-6938.730108288	1.0	1.769582	60	60	2200.0
-9909.711098496	11555.184871296	1.0	6.009878	60	60	3900.0
846.00800064	-8482.060426752001	1.0	13.052291	60	60	1800.0
-13541.501609856	-15231.224295936	1.0	1.884595	60	60	4500.0
278.873565696	1087.358101632	1.0	0.655845	60	60	1200.0
4906.26221184	-1391.17328064	1.0	2.230862	60	60	1200.0
-378.809000064	-8092.903344768	1.0	1.786054	60	60	1800.0
-2304.599920128	-14377.422242304	1.0	0.294585	60	60	3900.0
9853.07989248	706.8946959360001	1.0	2.16788	60	60	2200.0
-5917.688244864	-27.191476224	1.0	0.272754	60	60	1500.0
8309.266770816	11952.752385024	1.0	22.080274	60	60	3100.0
2530.664471808	-14017.795013376002	1.0	1.922999	60	60	3800.0
-2347.937944704	-21.496007808	1.0	2.228706	60	60	1200.0
10020.11370624	4980.435267456	1.0	0.278635	60	60	2600.0
6348.400198272	-2531.799059328	1.0	2.191059	60	60	1400.0
-13993.106067072	-5372.342718336	1.0	30.299569	60	60	3200.0
-7000.091176320001	-5927.917235328	1.0	0.319563	60	60	2000.0
4501.8807356160005	-14464.064495232	1.0	0.94021	60	60	4600.0
7787.705739264001	-3301.079975424	1.0	1.547724	60	60	1800.0
9044.146349568	14548.548617856	1.0	1.531516	60	60	3700.0
4529.085086592	6535.803479040001	1.0	0.789795	60	60	2500.0
-12800.788159104	8219.12902272	1.0	54.452709	60	60	4400.0
8385.855451776	-1476.64554048	1.0	2.028836	60	60	2300.0
-14275.86297984	14359.54082112	1.0	2.107671	60	60	5700.0
-7231.004681472	15498.053531136	1.0	44.993235	60	60	5300.0
4632.379221888	-11242.34610048	1.0	0.562618	60	60	3800.0
12688.734364416	11102.16419136	1.0	0.249145	60	60	5300.0
-5837.583147264	-7960.719875328001	1.0	1.494087	60	60	2500.0
12957.591373056002	15902.138888064	1.0	0.442666	60	60	5900.0
15197.608318464	-10038.30734016	1.0	0.614229	60	60	4000.0
-13068.38827008	-12021.136630272	1.0	6.88132	60	60	4300.0
-3860.914425984	-12915.690492672	1.0	0.95825	60	60	3100.0
-13379.122018944	-12722.67703872	1.0	1.329761	60	60	5400.0
14649.372410112	-5425.91134272	1.0	0.803525	60	60	3300.0
-5375.783495808	7175.126648448	1.0	8.261315	60	60	2800.0
1029.399186816	-15501.29796864	1.0	1.965474	60	60	3300.0
-11917.422456192	-2931.1384608000003	1.0	5.572653	60	60	3600.0
-449.805210624	-210.070891008	1.0	5.647533	60	60	1200.0
-13395.42306432	8182.432760832001	1.0	1.157026	60	60	4300.0
-1117.441569024	-10728.48256128	1.0	1.286637	60	60	3400.0
6227.037957888	-5538.4028789760005	1.0	2.265753	60	60	1900.0
-12350.607971328	-1916.055998208	1.0	48.489277	60	60	3100.0
-6431.632251264	-1886.051388672	1.0	2.228636	60	60	2000.0
-3517.193953152	3601.813260672	1.0	0.650358	60	60	1200.0
-8348.832493056001	10822.201099776	1.0	1.047231	60	60	2700.0
-5991.895096704	-7871.119648128	1.0	54.678804	60	60	2100.0
-3018.61435392	5666.783468544	1.0	1.492858	60	60	1300.0
2298.160934784	3067.638190848	1.0	0.453388	60	60	1200.0
-7620.602723712001	10529.908823808	1.0	37.572898	60	60	3400.0
-13801.539413376002	7060.708727424	1.0	0.484012	60	60	4400.0
-9440.551916928	4233.640105728	1.0	1.669585	60	60	3200.0
-7485.366328704	-13451.4201888	1.0	2.174349	60	60	4600.0
15222.96192384	11169.898261632	1.0	1.742289	60	60	3800.0
4285.993675392	-10064.624942592	1.0	0.359145	60	60	2700.0
4714.598997504	-15761.828231424	1.0	1.830597	60	60	4300.0
3797.990684928	-3783.194376192	1.0	7.235397	60	60	1300.0
10189.579238784	784.970410752	1.0	54.095236	60	60	3300.0
6909.716854656	8990.394259968	1.0	0.942149	60	60	2400.0
-115.715052288	1650.593096064	1.0	1.163233	60	60	1200.0
11050.766572032	13300.545798144	1.0	0.554119	60	60	4300.0
8486.278517376	-1424.987207424	1.0	1.568696	60	60	2500.0
-11654.545769856	-5788.314690048001	1.0	1.929845	60	60	3300.0
5065.580830464	-2969.938135296	1.0	0.524705	60	60	1500.0
5532.282543744	-13501.747594368	1.0	1.677479	60	60	3100.0
-12742.481625984	11731.69128384	1.0	0.923206	60	60	4500.0
585.558205056	-2584.806022656	1.0	2.193465	60	60	1200.0
-3170.23869888	-11077.08256512	1.0	0.879038	60	60	3100.0
8658.550745856	10181.57114304	1.0	29.796043	60	60	3300.0
-11590.324897536	2985.50210112	1.0	0.652698	60	60	3400.0
14555.949990912	-14540.620989312	1.0	0.228395	60	60	5100.0
14658.241504896	-4327.25242752	1.0	0.790019	60	60	4800.0
8746.047560448002	8517.866721408	1.0	1.470902	60	60	3400.0
-8736.610367232	-4819.180608	1.0	2.227107	60	60	2200.0
-4980.464235648001	15602.474207232002	1.0	6.898169	60	60	4100.0
-14587.042516992	-8458.92932544	1.0	29.184481	60	60	3900.0
1075.5439073280002	6352.75669248	1.0	1.305168	60	60	1800.0
10863.558021888	14559.025447296	1.0	7.119321	60	60	3900.0
13294.185670656	-2839.2867613440003	1.0	46.508436	60	60	2900.0
6747.654304512	7332.559115904	1.0	0.638048	60	60	2700.0
6449.307676416	-6749.754498432	1.0	2.164862	60	60	2700.0
-6312.077304192	-14185.018729728	1.0	0.930125	60	60	3600.0
-4382.795716992	15382.913014656	1.0	1.779197	60	60	4800.0
7212.510100224	-13660.834467456	1.0	0.820984	60	60	3700.0
-8763.53791104	-429.165373824	1.0	1.497856	60	60	2300.0
-13470.503789952	11592.86122368	1.0	1.381667	60	60	5600.0
-11335.364574336	8745.920422272	1.0	2.134394	60	60	4500.0
-3929.00416128	-14249.930010624	1.0	1.710525	60	60	4200.0
-8047.088539776	-11526.067010304	1.0	1.033274	60	60	3700.0
-2474.3873214719997	-9638.889080832	1.0	54.234717	60	60	3200.0
-14750.474618880002	10537.350430464	1.0	1.847692	60	60	3900.0
-15134.005434240002	-3158.66751552	1.0	1.212966	60	60	4500.0
-6379.241666688001	-13547.065112064	1.0	0.437257	60	60	4300.0
12620.82165696	-5878.891789056	1.0	13.265352	60	60	3800.0
14018.66566848	8498.852322048	1.0	1.005202	60	60	5100.0
-4406.739537024	5302.592140032	1.0	35.707063	60	60	1700.0
-6830.509771008001	2915.952690816	1.0	1.714225	60	60	1900.0
-7914.565498752	6613.066475136	1.0	1.885896	60	60	3100.0
6500.035808640001	10846.143310464	1.0	27.43919	60	60	3400.0
-3447.739494144	10805.084116992	1.0	0.558585	60	60	2800.0
-14725.050202368002	1851.329791872	1.0	1.509861	60	60	4400.0
-3076.201510272	4330.685158272	1.0	2.074428	60	60	1400.0
-3196.633549824	-15582.14336448	1.0	2.200058	60	60	3400.0
-4297.577733504	11132.300767104	1.0	1.272587	60	60	2700.0
-11636.596756224	-13852.528259328	1.0	2.224749	60	60	5100.0
-16071.184381824	6287.402841984	1.0	30.009824	60	60	4200.0
-3609.163134720001	-4193.639860608	1.0	1.489094	60	60	1600.0
11351.551356288	722.1126528	1.0	0.851769	60	60	2900.0
-13949.927367552	6547.701359232	1.0	1.916771	60	60	4300.0
10899.058541184	11532.835911168	1.0	2.242471	60	60	3700.0
2512.0089561600003	-5093.267984640001	1.0	1.990505	60	60	1700.0
5248.777286016	-11850.909878016	1.0	1.494171	60	60	3900.0
276.063651072	14337.373716864	1.0	1.418828	60	60	2900.0
224.315194752	6528.752942976	1.0	13.705276	60	60	1300.0
2721.218848128	6505.019947008	1.0	0.617598	60	60	1700.0
-7774.134141312001	-3048.404920704	1.0	0.522253	60	60	1900.0
-10780.797506688	-3182.3248723200004	1.0	58.290447	60	60	2800.0
8831.898016128	2636.0684570880003	1.0	1.478359	60	60	2100.0
13707.143341056002	-15268.306800384	1.0	0.725942	60	60	6400.0
-707.989049856	3450.559064832	1.0	51.83228	60	60	1200.0
-12717.88924032	-8010.044659583999	1.0	39.124907	60	60	4300.0
12141.425438208	10389.356765568	1.0	1.739458	60	60	4300.0
11006.961837696	-7870.393833984001	1.0	2.15775	60	60	2700.0
-14835.517183872	-14568.81991488	1.0	0.718935	60	60	6200.0
-9223.084480896	-9044.225207424	1.0	1.206921	60	60	2800.0
5905.671273216	13446.843214464	1.0	0.553911	60	60	3700.0
-5029.108267392	-5853.126191616	1.0	43.258144	60	60	2100.0
-15028.789742208	-1390.861067904	1.0	32.071616	60	60	4800.0
10453.102881408	5883.579808128	1.0	10.119019	60	60	3400.0
1533.281574528	-9149.71609728	1.0	1.047778	60	60	2600.0
-3825.980395776	9096.11689536	1.0	0.593662	60	60	2700.0
-11112.779424384	15790.31201088	1.0	1.108951	60	60	5200.0
-10636.949511936	6052.474023552	1.0	1.13157	60	60	2600.0
-3999.593207808	-4868.235022464	1.0	43.236093	60	60	1400.0
12483.868091904	-5236.364415744	1.0	3.715597	60	60	3500.0
-4364.727611904	4597.403348736	1.0	1.405129	60	60	1300.0
15490.069575552	1445.831430912	1.0	2.058522	60	60	3900.0
-1966.452605568	7470.769578624001	1.0	0.251288	60	60	2200.0
10967.93685504	7331.371420032	1.0	1.597544	60	60	2800.0
-6897.99439296	7625.126589696	1.0	1.555222	60	60	2800.0
-11267.406805248002	-7309.228455936	1.0	1.616655	60	60	3300.0
-787.20257088	-15714.981836928	1.0	1.751474	60	60	4300.0
990.586637568	10483.297393536	1.0	1.490113	60	60	2500.0
-1860.923091456	3255.776941824	1.0	0.333119	60	60	1200.0
-12986.61750144	-2939.01619968	1.0	22.447492	60	60	4100.0
815.7281932800001	13886.102393856	1.0	2.221385	60	60	4000.0
16070.962292352002	-11312.190020736	1.0	2.053739	60	60	5700.0
-1504.389021696	9883.095767424	1.0	1.41851	60	60	2900.0
-984.261915648	-6187.885837056	1.0	0.469521	60	60	2000.0
3449.85417216	-9870.679678464	1.0	1.570314	60	60	2200.0
3997.9709890560007	3885.687058176	1.0	31.62794	60	60	1700.0
7442.425812096	15983.541116928	1.0	1.601921	60	60	5500.0
-134.069620608	-13291.367709312	1.0	0.912913	60	60	3700.0
-13590.919736064	-13814.129311488	1.0	0.579696	60	60	4300.0
8797.24562112	-5733.592166016	1.0	48.704198	60	60	2500.0
531.609775488	-1341.397880064	1.0	1.282545	60	60	1200.0
-3331.24551936	-9248.62637952	1.0	1.474925	60	60	2600.0
12278.927789568	-573.024633984	1.0	0.201404	60	60	3700.0
6285.610032768001	11562.40438848	1.0	1.038408	60	60	3800.0
-10953.427009536	6406.78237056	1.0	2.091013	60	60	3700.0
9960.848004096	8023.093220735999	1.0	0.50336	60	60	3700.0
-9086.583141504	3836.188464768	1.0	33.585749	60	60	3000.0
-14374.03296384	-6290.204709888	1.0	1.422443	60	60	4200.0
12514.262162688	15269.835677184	1.0	1.513055	60	60	3900.0
-15660.722803968	1698.8364011520002	1.0	0.992369	60	60	4500.0
14406.742880640002	-15162.247812096	1.0	1.553649	60	60	6300.0
-4830.79202496	14417.303395968	1.0	0.857667	60	60	3700.0
-13908.187421568	13922.401147776	1.0	0.478812	60	60	5400.0
13291.131135744	2475.9355104	1.0	0.687378	60	60	2800.0
11296.027378944	15179.483886336	1.0	0.947085	60	60	4600.0
5245.738844544	-1155.753612288	1.0	1.632154	60	60	1200.0
-8192.244931199999	6105.117275136	1.0	14.676459	60	60	2800.0
-5551.694451072	901.253561472	1.0	2.243696	60	60	1700.0
-4974.960279168	3668.264683776	1.0	0.432938	60	60	1400.0
7940.289253248001	7227.605746944	1.0	39.366408	60	60	3000.0
-8637.753193344	8032.715488512	1.0	0.931806	60	60	3500.0
-4056.797340288	7446.48296832	1.0	0.22477	60	60	2600.0
14320.49008896	8450.15840064	1.0	18.439684	60	60	5100.0
15775.721698176	290.05689715200003	1.0	1.790782	60	60	3400.0
-15737.375858688	6964.584219648001	1.0	0.868487	60	60	5200.0
-3037.557942144	-6646.679233919999	1.0	2.151201	60	60	2300.0
15613.940783232	-13758.594068736	1.0	0.540323	60	60	5000.0
-5844.168582912	-751.0824541439999	1.0	0.387922	60	60	1800.0
15903.088401024	-9777.74649984	1.0	1.827321	60	60	3800.0
-2666.024786304	10302.769230336	1.0	1.777924	60	60	2200.0
10406.417421312	-67.581182592	1.0	1.067772	60	60	3000.0
7810.910870400001	-10494.295650432	1.0	48.335547	60	60	3700.0
-3043.49481216	15592.287059712002	1.0	2.244908	60	60	4900.0
-12364.206928128	-1654.420116096	1.0	1.280328	60	60	2700.0
-10649.644017408	8413.373624832	1.0	2.020508	60	60	2900.0
-11957.100832512	9845.519194368	1.0	1.253716	60	60	3200.0
-15805.220973696	-2355.802808832	1.0	0.817345	60	60	4100.0
12074.925734784	9789.565522176	1.0	2.131511	60	60	4000.0
-3792.432010752	-1909.481827968	1.0	2.107665	60	60	1200.0
9971.60807808	6188.095051776	1.0	2.132227	60	60	3400.0
-1983.7482255360003	-1586.344864896	1.0	1.003593	60	60	1200.0
11160.1166688	-5074.65592128	1.0	2.215765	60	60	2600.0
12980.070690047998	-7069.70335104	1.0	0.839566	60	60	3500.0
6145.004866176	5262.294166272	1.0	45.837337	60	60	2400.0
-9280.039165056	9538.610856192	1.0	1.892272	60	60	3000.0
-10330.892516736	6352.0501904640005	1.0	54.935971	60	60	3800.0
-11632.328775936	-3436.795954944	1.0	1.129993	60	60	3700.0
-633.762885888	14244.04624896	1.0	0.306056	60	60	4600.0
14407.37857152	-12435.718128768	1.0	35.962406	60	60	5100.0
2976.169515264	2458.0943228160004	1.0	7.7261	60	60	1200.0
-1850.958033408	-1613.1613639680002	1.0	2.01812	60	60	1200.0
-2287.212567552	6977.766356352001	1.0	1.046789	60	60	2200.0
5952.950581248	-3468.990881664	1.0	1.070592	60	60	1800.0
-14234.580087552	14978.940311808	1.0	1.467324	60	60	5300.0
13661.241631488	15200.11728576	1.0	1.060638	60	60	6300.0
8004.178600704	4127.085439488001	1.0	1.747467	60	60	2800.0
-12960.929152512	10560.850071552	1.0	2.119357	60	60	3300.0
4931.940904704001	-11139.063230592	1.0	0.920695	60	60	2900.0
2041.531721856	5481.9889344	1.0	0.762371	60	60	1700.0
14676.82299072	-1460.077344	1.0	0.368904	60	60	4200.0
11594.668516992	14059.766704896	1.0	0.287543	60	60	5800.0
9693.452279808	-11761.872921216	1.0	1.258524	60	60	4000.0
2402.3900989440003	-2973.1664793600003	1.0	1.220808	60	60	1200.0
3217.04646912	-12260.378490624	1.0	0.256153	60	60	3400.0
-7795.85545728	-5866.039567872001	1.0	0.301765	60	60	2500.0
1400.698987776	-4446.321352704	1.0	23.955904	60	60	1200.0
15471.85502016	-7358.554849536	1.0	1.227792	60	60	3300.0
-13590.388652544	1748.297979648	1.0	0.278941	60	60	4100.0
-1318.7978622720002	7953.773946624	1.0	1.200953	60	60	1900.0
-10735.343194752	8520.409484927999	1.0	2.16148	60	60	3200.0
-15054.545683584	-4097.545930368	1.0	15.080401	60	60	4800.0
5999.985268992	-2661.70208832	1.0	2.064952	60	60	2000.0
-1112.44294656	5895.101101824001	1.0	0.399807	60	60	1600.0
-8513.148124800002	15679.297852416	1.0	1.89154	60	60	4000.0
-3202.41753216	-16083.917511552	1.0	1.080827	60	60	4500.0
14926.982640768	-648.0023616000001	1.0	1.043289	60	60	3200.0
11432.72344896	-13315.509478655998	1.0	2.152721	60	60	5600.0
-5957.624116224	-10521.160429824	1.0	1.927001	60	60	3800.0
-3428.382304512	11206.419105024	1.0	0.701034	60	60	3700.0
-11476.08722304	14043.848683392	1.0	2.135516	60	60	3900.0
15839.374472064	-5783.090759424001	1.0	32.810395	60	60	4300.0
7305.945394176001	19.968740352	1.0	1.012465	60	60	1600.0
13829.039883648	-10393.016413824	1.0	0.924603	60	60	5000.0
-5050.452996864	-276.89407257600004	1.0	1.815513	60	60	1400.0
-1797.719324544	-6918.2479872	1.0	45.364096	60	60	1700.0
-3933.141784704	-8827.7346432	1.0	30.91921	60	60	3000.0
5525.494330752001	-10783.655701632	1.0	1.938421	60	60	3800.0
-12105.63845568	-10612.07870976	1.0	20.349427	60	60	4500.0
2535.568142976	14947.688460672	1.0	1.911094	60	60	3300.0
9887.915752704	11820.533510016	1.0	0.80585	60	60	3300.0
13947.8223456	12265.159851648	1.0	0.839255	60	60	5600.0
6241.312839168	-13712.059886976002	1.0	1.545151	60	60	2900.0
6750.757119744	1023.5701428480002	1.0	8.894465	60	60	1700.0
-14011.236936576	-99.116278272	1.0	2.039588	60	60	3400.0
4743.554314752	-3493.897089408	1.0	30.534589	60	60	1400.0
-3325.678798464	-9434.222366976	1.0	0.928175	60	60	2100.0
-4880.565816192	-8088.669160704	1.0	1.338374	60	60	2300.0
9063.35065152	666.5243016960001	1.0	1.341169	60	60	2000.0
-3421.185318144	-3730.224427776	1.0	1.314419	60	60	1500.0
-9092.988330624	-991.7984736	1.0	2.000927	60	60	1800.0
-7862.794511616001	-12364.16347584	1.0	0.700008	60	60	3200.0
-669.715630848	14504.898380544	1.0	27.568343	60	60	3000.0
4056.724919808	499.142869632	1.0	0.290792	60	60	1200.0
15044.126790528	-12397.562191872	1.0	1.325911	60	60	4600.0
-7763.111744256001	7109.45414784	1.0	30.005597	60	60	2200.0
1299.19122432	242.29478592	1.0	0.753701	60	60	1200.0
14666.774246784002	4243.8980643840005	1.0	1.426946	60	60	4600.0
-10867.772893824	8726.043414528001	1.0	52.775925	60	60	3400.0
-6564.950308224001	1771.6061088	1.0	1.57331	60	60	2100.0
-7703.849260800001	10835.635903488	1.0	1.560542	60	60	4100.0
-10417.98377664	-1255.845153024	1.0	0.943023	60	60	2200.0
13857.560678016	6665.753179008	1.0	0.583434	60	60	4900.0
-13165.459072128002	-8547.279092352	1.0	25.999961	60	60	3500.0
15318.751688064	2095.608898944	1.0	2.02858	60	60	3900.0
-11574.085007232	-12726.870989184	1.0	2.004853	60	60	5100.0
3171.411910656	14378.268757248	1.0	1.975888	60	60	3500.0
12968.68940928	-7322.355874944001	1.0	1.781287	60	60	4100.0
-5075.7422284799995	-13217.275120896002	1.0	2.160678	60	60	3400.0
-2522.593611648	-7259.744346623999	1.0	1.940147	60	60	2300.0
2828.7841824	6962.970047616001	1.0	22.777119	60	60	1800.0
618.2053574400001	10857.798179712	1.0	0.939255	60	60	3400.0
11552.782120704	233.683186176	1.0	1.508254	60	60	2500.0
9308.358791424002	1307.595218688	1.0	0.481252	60	60	2600.0
-1515.271405824	-555.514971264	1.0	7.501574	60	60	1200.0
-7930.940573952001	-2459.816320896	1.0	0.368677	60	60	1700.0
4535.26013952	12386.25976896	1.0	1.467734	60	60	3600.0
-11802.557137536	-14431.431826944	1.0	29.2856	60	60	5600.0
-15025.900969728002	3305.441297664	1.0	2.048737	60	60	3100.0
6239.124131328001	-201.966234624	1.0	0.294227	60	60	1700.0
-11165.82984	1022.049312768	1.0	0.989952	60	60	3500.0
-14528.653907328	-14161.491729792	1.0	0.633926	60	60	6200.0
10095.170291712	-5010.417346176	1.0	0.415123	60	60	3300.0
-5811.21243648	8056.031664384	1.0	0.822202	60	60	2700.0
-1937.088514944	-3459.4539091200004	1.0	51.546019	60	60	1200.0
-13821.284454912002	-7617.005839872	1.0	28.685607	60	60	3800.0
-8920.041787008	-10393.407484416	1.0	0.373745	60	60	3700.0
-13059.7058592	-9087.97361472	1.0	1.703306	60	60	4400.0
-2995.518658176	-2431.924780032	1.0	1.942516	60	60	1200.0
9056.296896768	10163.004141312	1.0	0.303898	60	60	3300.0
6890.902013952	-2567.849974272	1.0	0.593581	60	60	2000.0
-6609.933082368	10746.294780672	1.0	0.982095	60	60	3700.0
-6870.859243776	-16001.335633536	1.0	1.329281	60	60	5300.0
3751.825042944	7106.832526464001	1.0	41.709167	60	60	2400.0
5760.173700864	-13400.893224576	1.0	0.212198	60	60	3600.0
13829.410032768	4711.803566976	1.0	28.690845	60	60	3700.0
-3117.632462208	13618.600452864	1.0	0.255478	60	60	3600.0
-14929.514138880002	-13421.259472896	1.0	0.466231	60	60	4300.0
-14579.2886976	-8966.257318656	1.0	0.670658	60	60	3800.0
-5388.249474432	-13594.275218304	1.0	1.990718	60	60	3800.0
10755.851065344	-9859.224367872	1.0	2.096558	60	60	3700.0
-2994.6270816	10030.437648	1.0	1.650293	60	60	2100.0
2904.408866304	707.277719808	1.0	1.781722	60	60	1200.0
-12556.322368128	2609.3807055360003	1.0	1.125167	60	60	3400.0
6620.763967488001	8343.100009728	1.0	0.865215	60	60	2300.0
-11054.263676544	11673.016210944	1.0	0.260866	60	60	4400.0
5055.6737088	-6448.636579968001	1.0	1.155006	60	60	2100.0
-12776.95216512	-13219.040571264	1.0	1.83512	60	60	4800.0
13857.824610432	-8282.50498944	1.0	0.53114	60	60	4600.0
4567.868667648	-10356.349120128	1.0	1.732803	60	60	3400.0
-6897.872082816001	6082.436790144	1.0	46.568538	60	60	2400.0
10535.68315008	-14448.70652544	1.0	0.676936	60	60	3700.0
-13631.948352	2781.722135808	1.0	53.308207	60	60	4300.0
6708.376654848	-8039.473123968	1.0	0.56739	60	60	2700.0
15960.585434112	-7034.767711488001	1.0	2.099062	60	60	5300.0
12671.305168896	10175.86601856	1.0	0.730826	60	60	3700.0
-9739.671030144	8202.52059264	1.0	2.024812	60	60	3200.0
-15778.586330496	3838.324064256	1.0	1.735344	60	60	4300.0
-10675.126370304	6906.493338624001	1.0	1.450982	60	60	3800.0
15733.323530496002	-13203.692257536002	1.0	1.21023	60	60	5600.0
5838.851310336	-5795.3652261120005	1.0	1.873648	60	60	1800.0
-2678.60020032	4603.9710816	1.0	26.760068	60	60	1400.0
-10812.61101888	14273.267107968	1.0	1.000475	60	60	3800.0
-5123.782756224	14445.72923904	1.0	0.26398	60	60	4300.0
3596.104917504	13715.90782848	1.0	31.543881	60	60	4000.0
-7124.298736896001	-7189.181049600001	1.0	2.261738	60	60	2300.0
6099.627802752	11808.52941312	1.0	1.575697	60	60	3300.0
14615.455485312	-232.36513344	1.0	0.477549	60	60	3200.0
-5211.649719936	5865.93013248	1.0	1.509196	60	60	2200.0
-13865.60900736	15438.842546688	1.0	0.591493	60	60	4900.0
-12867.33292416	2423.738047104	1.0	1.617969	60	60	4100.0
-8673.765484032001	-11474.651688192	1.0	1.178023	60	60	4500.0
1755.066880512	-6709.928062464	1.0	2.196874	60	60	2000.0
-12435.166123776002	1311.3964892160002	1.0	1.006415	60	60	3600.0
-2716.9492584960003	7103.135863296	1.0	0.70176	60	60	1600.0
5514.957955584001	-13566.143885184	1.0	2.059071	60	60	2800.0
-7909.256272895999	7448.402915712	1.0	2.261021	60	60	3300.0
-12058.486285824	2870.207087616	1.0	0.608495	60	60	3400.0
3103.561967616	-7056.384420096	1.0	2.196549	60	60	2000.0
1839.233962368	-620.722371456	1.0	0.903144	60	60	1200.0
-15592.66847424	-12271.713100416002	1.0	1.020065	60	60	4300.0
8439.13439424	3967.860162816	1.0	0.648939	60	60	2000.0
-347.97235968	5130.535563648	1.0	2.006299	60	60	1500.0
16064.087174784	14976.001649664002	1.0	2.223278	60	60	6600.0
9281.075582592	7779.337150464	1.0	50.115331	60	60	3300.0
-15363.953332992	-8574.430334976001	1.0	23.440275	60	60	4800.0
-10967.153104512	-2731.492900224	1.0	0.537816	60	60	2300.0
-2644.395202944	4986.339950592	1.0	28.499535	60	60	1400.0
-11716.140192768	-10686.14072064	1.0	53.698877	60	60	3400.0
-4330.55962944	10583.791270272	1.0	0.754552	60	60	2600.0
3623.563544832	14839.357078656	1.0	48.593078	60	60	3300.0
5094.400962816	3859.725120768	1.0	0.340796	60	60	1900.0
-3632.118817536	10525.491174528	1.0	0.239716	60	60	2400.0
3712.194946944	9120.139573248	1.0	1.759619	60	60	3000.0
-10168.223243904002	-15865.077305088002	1.0	0.915051	60	60	4300.0
15801.342454656	2735.1026588160003	1.0	1.102226	60	60	4200.0
-9414.242361216	14975.061792768	1.0	0.561232	60	60	5500.0
-7840.984681728	-12605.054913792	1.0	1.212282	60	60	3200.0
2573.7787975680003	7905.455002368	1.0	0.482878	60	60	2500.0
-14967.473735808	-5117.245600896	1.0	2.234964	60	60	4800.0
