trucks_count 15
drones_count 15
customers 1000
depot 0 0
Coordinate X         Coordinate Y         Dronable Demand
X	Y	Dronable	Demand	Drone_service	Truck_service	Lw
5720.561307648	-16266.965907456002	1.0	0.503396	60	60	4300.0
12300.410922624	-4379.214926592001	1.0	2.000645	60	60	4000.0
-7821.295967232	-5326.8336887039995	1.0	1.653925	60	60	2100.0
-9340.457157504	10213.038646272	1.0	0.798981	60	60	4000.0
-11376.238693248	-19250.74761984	1.0	0.208298	60	60	7100.0
9319.299111936	22470.92426304	1.0	0.958087	60	60	6600.0
-5872.0536864000005	-9051.435068544	1.0	1.677829	60	60	3300.0
7191.681970176	11358.505331712	1.0	52.14253	60	60	4000.0
-18274.062495744	17879.198679936002	1.0	1.957252	60	60	6000.0
5980.470363648001	-2440.228995072	1.0	1.103746	60	60	1400.0
4543.72528896	-2433.101210496	1.0	0.311273	60	60	1600.0
-6040.951120512001	-8975.924648064	1.0	1.111626	60	60	3100.0
-21884.167096704	-18355.360117248	1.0	1.021375	60	60	6900.0
-1979.298389376	4604.070860928	1.0	0.853018	60	60	1400.0
16710.826201344	24074.65165248	1.0	36.057659	60	60	7200.0
4979.862340992	-13620.396480768	1.0	0.847576	60	60	4200.0
-3757.168065024	-18053.759395584	1.0	0.884287	60	60	3700.0
-19951.732804608	-15409.206476928	1.0	0.435279	60	60	7200.0
11712.456404352	-17653.716710784003	1.0	0.835092	60	60	4400.0
22457.595676032	7610.560417152001	1.0	34.051495	60	60	5600.0
-1503.000157824	14626.566396288	1.0	2.256398	60	60	2900.0
8529.891739776	-20708.602459776	1.0	2.051097	60	60	4800.0
8115.942713472001	4741.196625792	1.0	2.06386	60	60	2000.0
-3616.495305984	-17160.911437824	1.0	0.288191	60	60	4700.0
-3828.582705024	5239.855082880001	1.0	0.58404	60	60	1300.0
-1686.6472296959998	-19058.273296128	1.0	16.09363	60	60	4000.0
10398.230688384	4671.145100160001	1.0	1.761499	60	60	2300.0
-5613.380606592	-4808.06808768	1.0	0.268074	60	60	2200.0
22604.058854784	-2411.471627136	1.0	0.282139	60	60	6200.0
-11858.835897216	12787.253576064	1.0	2.222986	60	60	5400.0
5143.516532352	9638.984032128	1.0	1.29533	60	60	2700.0
-7709.399888256	9722.822807808	1.0	0.952287	60	60	2800.0
23898.581372160003	16173.969964416	1.0	2.142616	60	60	7200.0
-22309.700181120003	-4382.8391692800005	1.0	0.209772	60	60	5500.0
-19786.662390528	-18980.653025664	1.0	2.008189	60	60	6000.0
22978.025338752	19467.595458432	1.0	1.573068	60	60	5900.0
-9522.169797888	-3398.232854016	1.0	1.780863	60	60	2700.0
-15134.019918336	11032.859401344002	1.0	0.923264	60	60	5600.0
-3199.6446324480003	-22189.218251904	1.0	1.429266	60	60	6400.0
2355.976617984	-3727.926284544	1.0	1.499522	60	60	1200.0
-9994.990237056	-16789.515076224	1.0	0.258465	60	60	5600.0
-3809.909486592	3449.3053858559997	1.0	0.909147	60	60	1200.0
-5059.048503168	2011.523893632	1.0	29.961033	60	60	1200.0
-737.687884032	-7661.414078208	1.0	34.733234	60	60	2300.0
-86.991480576	8454.572831232	1.0	1.034439	60	60	2400.0
9610.179993216	19187.407058688	1.0	0.862496	60	60	4400.0
2338.009901568	9573.683289984	1.0	0.662349	60	60	1900.0
-5548.0895205120005	10440.456656256	1.0	37.652584	60	60	3300.0
5459.686645248	-15010.240443264	1.0	1.506714	60	60	3900.0
-21246.369585408	-10151.189947008	1.0	0.337962	60	60	5900.0
18472.24355328	-6988.732426367999	1.0	1.849645	60	60	5200.0
-23882.249749248	-7285.23474624	1.0	1.242653	60	60	6300.0
-8379.028614528	4360.474115712	1.0	2.264828	60	60	2500.0
-15025.192858368	21972.352710528	1.0	1.466475	60	60	7200.0
-23157.085780224003	19068.342961536	1.0	0.563334	60	60	7200.0
-14987.819062656	13526.457462144	1.0	1.306402	60	60	6200.0
22044.462587136	24016.317760512	1.0	0.390565	60	60	7200.0
-14425.372646784	13973.013407232	1.0	2.193662	60	60	5600.0
4229.438108544	13741.473867264	1.0	7.268733	60	60	4000.0
-1858.6313856	6929.975276928	1.0	1.668794	60	60	1700.0
3002.417915904	-19798.21426176	1.0	0.411513	60	60	6200.0
-13496.588037504	-19586.635415424003	1.0	3.235585	60	60	7100.0
11544.711260544	-23248.926214272	1.0	1.311373	60	60	5200.0
-22473.220796928	-5893.3372608	1.0	1.740033	60	60	4900.0
-12598.146	8407.934042112	1.0	0.933495	60	60	4500.0
-3927.06490176	11384.830980864	1.0	1.376241	60	60	3200.0
-22329.305209728	-9560.48505984	1.0	1.157557	60	60	6800.0
-9661.658079744	17259.076593792	1.0	1.6656	60	60	4700.0
-14322.45348864	17797.006263168	1.0	1.903081	60	60	5800.0
-9658.898054784	-18775.342574208	1.0	1.036963	60	60	4600.0
16063.197207552	-5366.499190272	1.0	1.670883	60	60	5100.0
-19067.742676224	21657.790332288	1.0	1.314588	60	60	5600.0
17726.238579456	8810.33763456	1.0	1.44024	60	60	4800.0
2650.352994432	-19086.28070976	1.0	2.215384	60	60	5100.0
-17615.591351424002	9698.943361536	1.0	2.262417	60	60	5900.0
-22527.949758336003	-21686.792320512	1.0	1.940939	60	60	6900.0
-23003.94704256	20778.431895936	1.0	28.598731	60	60	7200.0
-18414.535696128	-7887.880965888001	1.0	0.836781	60	60	5900.0
3348.621606528	-15332.015901312	1.0	1.750382	60	60	4400.0
-17044.158358656	-2940.211942272	1.0	1.491474	60	60	4600.0
-14380.227328896	19770.747587712	1.0	20.162665	60	60	5800.0
10620.320160384	-552.15787968	1.0	19.439612	60	60	3200.0
13149.47506752	-1453.831479936	1.0	0.451601	60	60	4200.0
15474.579639552	-24100.188723072	1.0	50.286825	60	60	6400.0
7758.919403136	-19358.132707584	1.0	1.814749	60	60	4700.0
2524.193299584	10457.158428288	1.0	1.532367	60	60	2300.0
11437.622292096	-11052.995513472	1.0	2.26925	60	60	3500.0
9317.810468736	21897.333139968003	1.0	0.349391	60	60	6700.0
-12565.698406272	8368.904231424	1.0	1.58395	60	60	4800.0
-11455.223687424	22611.054673152	1.0	59.036618	60	60	6300.0
13310.913192192	-2764.9640367360003	1.0	1.845932	60	60	4300.0
8671.029599231999	-7981.588238976	1.0	40.142336	60	60	3600.0
-15750.073582848	1316.213255808	1.0	1.75942	60	60	4200.0
7944.088914432	12591.501018624002	1.0	1.354265	60	60	3500.0
-17109.425304576	23159.03147712	1.0	1.189423	60	60	6600.0
-13141.655265024	-10196.108347392	1.0	1.437327	60	60	3600.0
-4528.592627328	13400.376625152	1.0	0.540153	60	60	4100.0
17483.00393664	-12767.268742272	1.0	0.50843	60	60	6700.0
-6350.123805696	10274.43029184	1.0	0.263241	60	60	3000.0
15851.574908928002	7555.313246976	1.0	1.343299	60	60	5400.0
-19342.61702208	16803.167141376	1.0	1.224976	60	60	5700.0
-11827.481048064	-12447.540369792	1.0	1.694014	60	60	4000.0
24068.726047872	2066.194918656	1.0	21.032316	60	60	5600.0
-11917.459471104	-9766.928489472	1.0	15.86593	60	60	3900.0
3489.03365184	-520.4457561600001	1.0	0.76936	60	60	1200.0
-15976.640249856	23155.125599232	1.0	2.070572	60	60	6500.0
17039.853363456	-15217.910193024	1.0	0.475444	60	60	5700.0
8343.085525632001	-9636.97718016	1.0	0.274301	60	60	3900.0
-15534.389299968	11281.9440096	1.0	6.842893	60	60	4600.0
1677.543170688	21169.903214592	1.0	0.627963	60	60	6700.0
-15444.106710912	19447.85202624	1.0	2.050377	60	60	5500.0
-11227.224704256	10261.019628288	1.0	0.358806	60	60	4700.0
8358.253592832	-16815.803710464	1.0	2.006799	60	60	4900.0
-12088.524691584	5769.808843392	1.0	0.826912	60	60	3400.0
6293.777453568	-17544.735153792	1.0	0.593183	60	60	3600.0
-9007.009127424	9376.437261312	1.0	0.735888	60	60	3300.0
-1651.553874432	22479.04340352	1.0	1.580026	60	60	4900.0
17714.718895104	12437.065149696	1.0	2.081989	60	60	4600.0
-2950.181828352	8914.597376256	1.0	2.05489	60	60	3000.0
20379.057088896003	9575.208948096	1.0	0.740232	60	60	5700.0
12241.100158848	-13426.864818048	1.0	1.54051	60	60	4700.0
-16837.584572159998	-16663.955666688	1.0	0.818625	60	60	6000.0
-5868.318398976	6334.4343110400005	1.0	1.764869	60	60	1900.0
-17425.624385664	2625.602893056	1.0	0.409498	60	60	3800.0
-90.800797824	233.16336806400005	1.0	1.784082	60	60	1200.0
16653.042705024	10413.876730752	1.0	13.690537	60	60	5300.0
14491.379890944	8403.888151296	1.0	1.392701	60	60	4400.0
-22254.456229632	-3214.3427712	1.0	0.473025	60	60	5000.0
11890.937481984	22761.262795392	1.0	0.391537	60	60	6500.0
-10912.250333952	-12174.600455424	1.0	0.470345	60	60	4700.0
6624.190260864001	12360.30105024	1.0	0.548433	60	60	3800.0
-1491.5931275520002	-16259.651438976	1.0	1.847128	60	60	4900.0
-420.518368512	-17736.549646464002	1.0	0.59732	60	60	3900.0
14855.138305920002	19554.0124032	1.0	0.569859	60	60	6200.0
5388.521453568001	-12501.332692992	1.0	0.927403	60	60	3000.0
21464.696411136	16049.374551936	1.0	0.365977	60	60	5400.0
-21499.490428416	923.290308864	1.0	0.207921	60	60	5200.0
11843.946246528	-14562.557957376002	1.0	1.624085	60	60	5400.0
-14609.703689856	28.322845056	1.0	1.851024	60	60	4600.0
24010.40664	-232.66929945600003	1.0	1.375718	60	60	7200.0
10661.343948288	18725.388536448	1.0	1.532263	60	60	4600.0
-4533.824604672	-14190.260363136	1.0	51.310959	60	60	4100.0
16019.714342016	14504.169347712	1.0	0.869399	60	60	6200.0
-24094.955136384	14570.228090880002	1.0	55.219996	60	60	5500.0
-16163.520493824	5427.97130304	1.0	1.555579	60	60	4500.0
4255.575464448	-23332.402887552	1.0	1.267083	60	60	7000.0
-1491.348507264	15512.6277504	1.0	0.595373	60	60	3100.0
22123.5715008	-20776.005005184	1.0	0.276913	60	60	7200.0
18684.784787328	-7170.910167167999	1.0	0.806913	60	60	5800.0
-3919.602373632	1716.566544	1.0	0.87732	60	60	1200.0
15228.290461824005	457.443157248	1.0	0.49571	60	60	3000.0
-14143.891943808	17001.372339072	1.0	0.490105	60	60	6900.0
-2435.157952128	-8793.119263104	1.0	2.07304	60	60	2900.0
-18172.992473856	8146.426907520001	1.0	0.403224	60	60	5900.0
23769.281847168	16009.313151744	1.0	0.213344	60	60	7100.0
428.661649152	14202.200086272	1.0	0.980233	60	60	2900.0
-22408.238704896	-2574.823261824	1.0	0.611112	60	60	7200.0
5430.8938717440005	5308.8669722879995	1.0	2.408692	60	60	2100.0
19877.163850368	-14391.724482432	1.0	0.29661	60	60	7000.0
-21817.215167616003	5950.851996672	1.0	0.913291	60	60	5800.0
13145.084777088	-21300.361467264	1.0	2.113137	60	60	5200.0
-13571.993850624	10314.134417664	1.0	0.553823	60	60	3500.0
-22209.5909376	2479.168682496	1.0	1.089143	60	60	6600.0
-7271.270468352	-11396.764266624	1.0	0.532282	60	60	4000.0
10836.326312064	-21548.293785216	1.0	2.833543	60	60	7200.0
-22014.509476608004	3926.99248128	1.0	41.902141	60	60	6700.0
-22502.23405056	-13500.564726528	1.0	2.255903	60	60	7000.0
19278.51685056	18782.23539456	1.0	1.92345	60	60	7200.0
1435.552550784	-3120.50996928	1.0	0.462365	60	60	1200.0
-5707.670462208	20126.816557056	1.0	57.788886	60	60	6400.0
22073.731726464	-11930.683450752	1.0	1.972105	60	60	7200.0
-1904.314224384	-4072.848937344	1.0	0.922651	60	60	1200.0
11888.043881472	17117.3448864	1.0	0.554828	60	60	6300.0
17261.039993472	-5160.110478336001	1.0	0.349717	60	60	5100.0
-5477.38621056	93.047442048	1.0	50.575627	60	60	1500.0
7167.115334016001	21870.313863552	1.0	1.534409	60	60	7000.0
8042.920338816001	-4992.4264896	1.0	1.500335	60	60	2100.0
18934.999155072	12621.367224576	1.0	1.744303	60	60	7200.0
15974.0669088	-18722.63333952	1.0	1.687574	60	60	5300.0
1022.58522432	16632.639441792002	1.0	0.880332	60	60	4100.0
548.282579328	17772.439627008	1.0	1.189927	60	60	5200.0
-23478.722834688	23170.68312768	1.0	14.199276	60	60	7200.0
10676.367174528	9614.480160384	1.0	0.471152	60	60	2900.0
13985.4407616	23413.336797312	1.0	2.092455	60	60	5300.0
-8939.9863872	-364.067409024	1.0	0.806112	60	60	2600.0
-1723.200259968	11296.241421696	1.0	1.313858	60	60	3600.0
-19112.99582016	15146.983184256	1.0	1.319894	60	60	6500.0
-17557.131930624	17165.234135808	1.0	0.695081	60	60	5000.0
8851.107146112001	20853.586651392	1.0	0.385661	60	60	5300.0
-13531.924403712	20754.706946688	1.0	1.764182	60	60	5200.0
-8046.591252480001	5374.634424192001	1.0	1.365075	60	60	2000.0
-16203.974573952	15821.447989248	1.0	0.388833	60	60	6000.0
-21996.064785024	-6096.788919936	1.0	0.634399	60	60	5700.0
15842.935950336	-4391.362255104	1.0	45.569428	60	60	4300.0
7202.009130624	22485.599870976	1.0	16.449927	60	60	5400.0
-22555.875095424	-17274.074070528	1.0	5.189577	60	60	7200.0
3085.062558336	18209.812655232003	1.0	1.343822	60	60	3800.0
12165.1519968	10839.717199872	1.0	13.991438	60	60	5100.0
-4347.563958144	-13747.455798912	1.0	0.920368	60	60	2800.0
674.68528512	-15044.430956544002	1.0	1.591487	60	60	3700.0
8294.604037632002	11407.498591104	1.0	2.015558	60	60	3800.0
7271.939955456	8050.92038784	1.0	1.599562	60	60	2300.0
1329.813821952	-12515.362953984	1.0	1.828142	60	60	2600.0
-17360.370314496	-18778.414811904	1.0	0.859582	60	60	6000.0
23632.300923264	12602.790566784	1.0	35.002146	60	60	6800.0
15090.768798336	-8380.83590784	1.0	20.88332	60	60	4200.0
150.36261926400002	-8852.883861888	1.0	0.647097	60	60	2700.0
-2550.115003392	-12256.6834368	1.0	1.084283	60	60	3500.0
13483.399463424004	-23392.04034816	1.0	1.034146	60	60	7200.0
-19320.197250816	19975.670187264	1.0	2.208748	60	60	7200.0
-12369.792961152	1860.2375109120003	1.0	1.838364	60	60	3900.0
-11442.434230656	23453.897094144	1.0	57.394895	60	60	7200.0
3466.966326912	3756.150959616	1.0	1.280957	60	60	1300.0
740.2258195200001	7436.554925183999	1.0	1.991188	60	60	1900.0
5065.122167424	-13637.059628544	1.0	45.044344	60	60	4200.0
-18292.703527296	-11319.720141312	1.0	2.085694	60	60	6900.0
-10904.757228288	11975.384589696	1.0	1.544769	60	60	4200.0
-11940.450559488	-17876.541652992	1.0	0.654088	60	60	6700.0
-3534.193453824	2661.933833856	1.0	0.871552	60	60	1200.0
22884.699480192	-12536.434094976	1.0	1.658521	60	60	6000.0
-17181.021800448	-16400.948623488	1.0	0.347332	60	60	6100.0
-146.606410368	774.382536576	1.0	1.028155	60	60	1200.0
17027.84121984	9881.190304128	1.0	0.858335	60	60	3900.0
14438.512940544002	8570.324898432	1.0	0.663945	60	60	5000.0
-13702.122187776	13221.626787072	1.0	1.154822	60	60	6000.0
22576.117424256	12023.903092608	1.0	1.336898	60	60	7200.0
-13449.019047552	-13219.710058368	1.0	0.812729	60	60	4600.0
16695.553526784002	-2986.617376512	1.0	1.560506	60	60	4500.0
-21790.426027392	19571.499535104	1.0	2.109023	60	60	7200.0
-17892.13941504	-19407.056765184003	1.0	23.508943	60	60	5500.0
6658.110404352001	-7332.28391808	1.0	32.096693	60	60	3200.0
14470.044817536002	-6157.770182784	1.0	0.579976	60	60	4200.0
-8897.985727488001	-15589.290461184	1.0	0.751332	60	60	3500.0
-13672.785456	-11608.582905216	1.0	1.656477	60	60	3900.0
-11405.3404608	3084.479975808	1.0	46.772445	60	60	2600.0
22915.02273984	17237.781753984003	1.0	0.391455	60	60	7200.0
-8813.997282816	20082.580518528	1.0	59.619616	60	60	6400.0
4203.455249664	11768.556526848	1.0	1.524126	60	60	3600.0
2774.575039104	-2216.066688	1.0	1.444322	60	60	1200.0
9917.92840896	-3981.5428055040006	1.0	0.979977	60	60	2500.0
-14663.339906688	6627.336528384	1.0	0.413196	60	60	5000.0
-18270.409284864	-2291.847478272	1.0	43.757313	60	60	5900.0
22020.486580224	-6665.909285376	1.0	38.531676	60	60	5300.0
16219.992374784	-1121.048108928	1.0	21.514621	60	60	4600.0
-20531.02905216	20240.26082496	1.0	0.911219	60	60	6900.0
1432.892305152	-17879.499627264002	1.0	40.971002	60	60	4800.0
-14156.488279296	-8018.051145984	1.0	1.67877	60	60	3800.0
1156.08030912	-16360.09220736	1.0	1.60647	60	60	4600.0
7812.162940032	-6699.254893056	1.0	0.511596	60	60	2900.0
-5441.155049088	-5840.835631488	1.0	1.396966	60	60	2000.0
-4927.248057600001	-8682.497784576	1.0	7.887854	60	60	2900.0
-20294.180286336003	-6778.841781888	1.0	1.425507	60	60	6000.0
4786.143994368	-5872.64109696	1.0	0.886697	60	60	2100.0
10628.899573248	-5249.38239936	1.0	0.547504	60	60	3300.0
19594.532466432	-15420.832377984	1.0	45.266755	60	60	5000.0
15974.673631488	-20857.574605824	1.0	1.706747	60	60	7200.0
-755.620804224	-1537.240560768	1.0	2.080613	60	60	1200.0
4300.234760448	22144.7343744	1.0	1.352032	60	60	5500.0
16962.87200256	-11612.514532608	1.0	1.751913	60	60	4400.0
11821.005047808	723.417830784	1.0	0.892766	60	60	2700.0
12288.751225344	13843.084628736	1.0	0.537983	60	60	5300.0
-13335.824227968002	24037.342230528	1.0	1.650836	60	60	5900.0
7843.364901504	6478.882591104	1.0	0.710901	60	60	2500.0
9227.054732544	-7242.049609344001	1.0	2.096568	60	60	2700.0
13670.720667648002	7959.966702336001	1.0	1.854005	60	60	4200.0
13540.526347392	13664.653440768	1.0	1.237904	60	60	5900.0
17323.012612224	8261.765373312	1.0	1.1446	60	60	3800.0
17207.109266688	1102.387765248	1.0	1.445306	60	60	4400.0
-1351.82481984	1587.357142272	1.0	0.401306	60	60	1200.0
-1208.416176	17099.012848896	1.0	5.034933	60	60	5200.0
23701.00220928	-23730.540109056	1.0	0.698544	60	60	7200.0
20623.286306304	-15974.821691136	1.0	2.076039	60	60	6200.0
-6354.234070272	5436.447717888	1.0	1.508595	60	60	2600.0
-14626.910795904	-14384.96845632	1.0	0.638022	60	60	4400.0
5557.818004992	13000.547983104	1.0	1.853034	60	60	3700.0
14670.79599744	-15716.320811136002	1.0	1.186373	60	60	6200.0
-11716.864397568	94.37193216	1.0	0.449774	60	60	3600.0
18071.008344576	8606.588246784	1.0	8.883433	60	60	4500.0
-14198.828510592	5618.910312576	1.0	0.831746	60	60	3900.0
-10597.285619712	4639.796688384001	1.0	1.442874	60	60	3500.0
-20164.80673152	22567.071301632	1.0	1.553521	60	60	7200.0
-18107.410096512	19334.959763328	1.0	2.051204	60	60	6000.0
20644.466882688	-17451.761741568003	1.0	0.294522	60	60	7100.0
-21617.218770048	7.066629504	1.0	0.647316	60	60	6200.0
-1763.153834112	-21469.34902464	1.0	0.493683	60	60	5100.0
-9554.13619776	-10111.585600512	1.0	0.451901	60	60	2900.0
2604.721654656	21318.957437184	1.0	0.638713	60	60	5900.0
-8384.527742976	-5935.915675008	1.0	1.19441	60	60	3200.0
11646.2592576	-16290.2627712	1.0	1.017359	60	60	6300.0
-7953.217113600001	-5577.534078336	1.0	44.082246	60	60	2800.0
-4916.399469696	-6077.090549376	1.0	10.549875	60	60	2200.0
-19484.767158912	22058.306164224	1.0	1.687201	60	60	7200.0
9204.453105408002	-3509.272761984	1.0	0.615605	60	60	2800.0
19955.77708608	2677.711842432	1.0	1.11722	60	60	5200.0
-4534.9704575999995	-23207.981284224003	1.0	0.482568	60	60	4600.0
-12638.091527424	1429.367841792	1.0	0.924327	60	60	2600.0
-1076.179598208	-22249.024693632004	1.0	0.286653	60	60	4500.0
1934.856354816	1845.252908928	1.0	0.271627	60	60	1200.0
2267.041049856	-5887.094615424	1.0	52.980817	60	60	1800.0
-3990.081984768	8583.185166336001	1.0	0.911245	60	60	2400.0
7072.186568832001	13841.222617728	1.0	2.088626	60	60	4200.0
-477.257400576	-6107.610148992	1.0	0.804781	60	60	1700.0
22420.144631808	-16159.815783936	1.0	0.846896	60	60	6800.0
8725.233914496	-9499.424939136	1.0	0.564514	60	60	2900.0
11777.343545088	-13198.392687744	1.0	1.435288	60	60	4500.0
-18681.303776256	-21669.675337728	1.0	1.355427	60	60	7000.0
21922.031742336003	-9204.219750528	1.0	31.896708	60	60	6900.0
10136.583540864	7445.07479232	1.0	1.56528	60	60	3100.0
-1902.46186944	8005.503090816001	1.0	26.833918	60	60	2200.0
18813.968439552	23654.480902272004	1.0	1.420045	60	60	6000.0
15834.226180608	23336.817318144	1.0	0.200886	60	60	6700.0
10332.442315008	845.480135808	1.0	46.956302	60	60	2600.0
8615.846802816	9631.27205568	1.0	59.912083	60	60	3500.0
6953.545729152	14359.613241600002	1.0	0.377472	60	60	4500.0
-14501.38035456	-22722.146080128	1.0	1.778888	60	60	6600.0
-16297.221574656	8451.305862912	1.0	37.64909	60	60	5600.0
-20438.818468992	13075.440415488	1.0	0.841615	60	60	6100.0
2220.56480448	4347.930888576	1.0	17.160653	60	60	1200.0
-12964.11887232	21832.991566848003	1.0	0.803576	60	60	6500.0
-614.2206216960001	-15863.107468032	1.0	1.874867	60	60	3300.0
15872.467412736	-15749.433063936	1.0	1.025442	60	60	6200.0
-4284.30708288	22069.214297856	1.0	1.166473	60	60	5600.0
-9999.929313792	-14081.544347904002	1.0	0.541158	60	60	3600.0
-7321.588217856	-13809.426808320002	1.0	1.539231	60	60	4800.0
-5633.246348928	6542.569161216	1.0	0.993013	60	60	2000.0
-23067.986059008	-24027.599261952	1.0	0.730499	60	60	7200.0
-3374.6752765439996	23181.790819968	1.0	1.555535	60	60	6900.0
-23448.518666496	4511.607610752	1.0	0.388958	60	60	6400.0
-5144.523981696	3413.688993792	1.0	0.638513	60	60	1300.0
-16908.133385088004	-2404.23118848	1.0	0.899846	60	60	5400.0
23510.491285248	8769.812743296001	1.0	1.004954	60	60	6700.0
-7910.675714304	22383.202140288	1.0	1.692522	60	60	6900.0
-1270.979424	11006.953790976	1.0	1.448828	60	60	3300.0
6953.239953792	11150.908002432	1.0	0.356966	60	60	3300.0
1160.592909696	-5284.311601536	1.0	0.301263	60	60	1700.0
14553.080530560002	23784.321166848003	1.0	0.498116	60	60	7200.0
-20392.783183872	9648.432490752	1.0	0.506353	60	60	4800.0
-11674.329435648	11203.816795776	1.0	0.386983	60	60	4200.0
-861.6685271040001	3812.188317696	1.0	27.692948	60	60	1200.0
8716.725312768	19300.43611584	1.0	1.126995	60	60	5000.0
18402.497803008	-11605.513886208	1.0	0.269783	60	60	5200.0
-9442.779249024	22638.104527104	1.0	1.877221	60	60	7200.0
-23771.37077568	16386.038051328003	1.0	0.6522	60	60	6600.0
-16641.383007744003	11576.531210112002	1.0	1.814508	60	60	6400.0
-5877.465910272	-2689.9251540480004	1.0	51.41635	60	60	1500.0
-4185.64624896	23534.793988992	1.0	1.910899	60	60	5100.0
-23219.557295616	2285.7384084480004	1.0	2.151461	60	60	5300.0
-10713.147122304	1595.3909875200002	1.0	51.228469	60	60	2600.0
-22255.225496064	-11308.28092416	1.0	43.291126	60	60	7200.0
20747.769064704	14604.592413312	1.0	1.331301	60	60	7200.0
10379.090760192	7895.319353856	1.0	0.321385	60	60	2800.0
20112.0122016	16448.689813248	1.0	2.153845	60	60	7200.0
3107.332660608	8038.36750464	1.0	0.771087	60	60	2200.0
16593.012564480003	-23425.22502144	1.0	0.259465	60	60	7200.0
-5774.387427072001	-18265.10488704	1.0	0.595232	60	60	5700.0
20890.533970944	8135.761784832001	1.0	0.552807	60	60	6700.0
14594.253987456	-18150.225084288	1.0	0.908918	60	60	7000.0
-17806.383910656	-19182.643400448	1.0	1.818544	60	60	7200.0
19384.39559232	19863.790201728	1.0	6.319216	60	60	6400.0
66.818353536	-7352.374968575999	1.0	1.641272	60	60	2200.0
3213.410961024	-7333.606798848001	1.0	0.867438	60	60	2400.0
-14745.009286656	22066.462319616	1.0	0.572624	60	60	7200.0
-9160.162349184	12900.506332032	1.0	1.00919	60	60	4300.0
-17505.454285440002	-5193.32894784	1.0	0.334825	60	60	5300.0
16401.957682176	-5895.150991488	1.0	0.940737	60	60	4900.0
-11945.896579584	23195.2336704	1.0	2.010329	60	60	7200.0
-11331.505367424	5763.723913728	1.0	0.337794	60	60	4000.0
3611.66566464	18734.565015936	1.0	1.898706	60	60	5900.0
-7081.763774976001	13012.387926912	1.0	2.06866	60	60	4000.0
-18508.20434496	-12825.956689920002	1.0	2.04855	60	60	7000.0
18309.735214848	2967.974735616	1.0	1.773595	60	60	5000.0
-12387.616445952	15748.86335616	1.0	2.247843	60	60	6000.0
7462.376849664	2711.424380544	1.0	0.778846	60	60	2500.0
4063.376338560001	-14529.687106176	1.0	1.042892	60	60	3400.0
21903.231385728	4811.879014272	1.0	0.772148	60	60	5000.0
-2248.379096832	17215.619477760003	1.0	2.106076	60	60	5500.0
-20542.194680832003	18005.763929472	1.0	2.01292	60	60	6700.0
-18400.886849664	-6607.686438144001	1.0	1.959683	60	60	4600.0
16847.655846912	-2724.3071792640003	1.0	43.579063	60	60	5500.0
13071.351072384	-1984.7991271680005	1.0	0.585404	60	60	3200.0
-3374.604465408	-12446.954568576	1.0	2.166133	60	60	3200.0
-14223.377443968	-5997.006373248	1.0	8.29635	60	60	3600.0
-9291.874280832	-5295.147314688001	1.0	46.182968	60	60	2800.0
17556.272540928003	-5937.351209856	1.0	2.256786	60	60	4200.0
3900.795579648	-20512.412160768003	1.0	2.026281	60	60	5800.0
-8603.504743680001	-17309.811163392	1.0	1.147842	60	60	4000.0
-23770.192735872	4761.825197184001	1.0	1.792538	60	60	7200.0
-11817.945684864	19055.162434176	1.0	1.071816	60	60	4900.0
-14855.156008704	-15523.2494208	1.0	2.199331	60	60	5300.0
22401.511646976	-17884.903804416	1.0	53.696997	60	60	7200.0
-21994.778919168	14612.640742656	1.0	0.638643	60	60	7200.0
19714.282144128	-21099.737425536	1.0	0.863394	60	60	7200.0
-20780.506340352	13932.417704832002	1.0	1.85127	60	60	7200.0
-6756.656974848001	8601.921149184	1.0	0.449069	60	60	3300.0
10253.616645888	23822.522165376	1.0	0.430082	60	60	5400.0
23037.451975296	-2913.535456128	1.0	0.896103	60	60	7000.0
5309.5477248	-23234.73501888	1.0	1.898937	60	60	4900.0
-16433.248157568	7758.51062976	1.0	1.277137	60	60	5700.0
3910.89099456	301.322305152	1.0	3.637059	60	60	1200.0
16062.736935168	-10336.885713792	1.0	1.505839	60	60	5600.0
249.34371264	14868.571500288	1.0	2.237395	60	60	3000.0
-23001.90317568	-5464.879998336	1.0	1.833913	60	60	6200.0
18446.215632768	19322.035121664	1.0	1.739063	60	60	5300.0
12292.851833856	8970.924416256	1.0	1.488455	60	60	4500.0
-22508.523366912003	16138.564396416	1.0	2.016763	60	60	7200.0
-18049.676489856	20520.219088512004	1.0	1.787389	60	60	5700.0
-2188.062493056	13995.747000576002	1.0	32.393967	60	60	2800.0
-9767.187593856	-15454.976220288	1.0	0.661846	60	60	4600.0
19143.220909824	7633.662550272	1.0	0.936375	60	60	6500.0
8648.481080448	-23680.851613056	1.0	1.472619	60	60	5000.0
13418.52519744	21222.211722624	1.0	1.364642	60	60	6700.0
13368.081919104	-22251.129715584	1.0	0.966569	60	60	5100.0
8924.438514816	-22758.87613824	1.0	32.24379	60	60	5500.0
-17305.699289472002	17709.033082752	1.0	1.19167	60	60	5900.0
-13526.911297152004	-14339.473910784	1.0	1.457154	60	60	4900.0
22029.960788352	2561.348224512	1.0	12.841431	60	60	5200.0
-17869.742174592	-5336.8888700160005	1.0	1.429165	60	60	3600.0
6536.7562106880005	-1044.543113856	1.0	0.225192	60	60	1400.0
5167.89326592	-18201.759497856	1.0	1.359123	60	60	4400.0
-13337.749003392002	17222.30630208	1.0	49.184993	60	60	5100.0
-15403.921391232	-2912.6519262720003	1.0	0.421158	60	60	4000.0
-5510.419605504	20396.194993152	1.0	1.910445	60	60	4100.0
15502.99582656	8882.312326272	1.0	17.305012	60	60	4000.0
-5055.78636288	6779.350334592001	1.0	0.565867	60	60	2000.0
1539.02371392	-14514.490070784	1.0	1.36363	60	60	3700.0
9911.27377152	11102.392718208	1.0	1.270961	60	60	3300.0
2777.03572608	-9918.784579968	1.0	2.105328	60	60	3000.0
14861.569244544	-21192.285970944	1.0	19.02755	60	60	6800.0
4553.556771456	16195.744388736	1.0	0.729593	60	60	4000.0
21238.88291712	14724.0491904	1.0	1.550114	60	60	6300.0
-18219.57654528	-8057.153377152001	1.0	13.678754	60	60	4200.0
2379.7900811520003	-17915.19326784	1.0	0.738854	60	60	5600.0
-16028.71218432	7755.007087872	1.0	29.316969	60	60	3500.0
19388.694150144	-16187.840900352	1.0	0.54256	60	60	5700.0
-15068.63388096	18817.586244864	1.0	0.694726	60	60	5000.0
-3879.359117568	-23110.4212416	1.0	1.034369	60	60	7000.0
-13449.516334848	15183.100082304	1.0	49.749717	60	60	4200.0
5698.242925056	-17518.834371456003	1.0	53.643332	60	60	3600.0
22501.900916352	-22419.2884608	1.0	0.415364	60	60	6900.0
8698.317636096	15257.623974912	1.0	17.203044	60	60	5300.0
-8600.133168	18206.304285312	1.0	0.567562	60	60	4200.0
19860.875679744	9193.219884288	1.0	0.271264	60	60	4700.0
-16756.7713632	5558.632333056001	1.0	2.080998	60	60	5300.0
19483.677633024	20477.410538112003	1.0	1.411532	60	60	7200.0
2864.4359800320003	11466.106071552	1.0	54.134817	60	60	2900.0
-391.902622848	6368.502514176	1.0	0.84846	60	60	1400.0
11845.035772416	-3503.4469367039997	1.0	1.421608	60	60	2500.0
-17244.505593216	-18253.75901184	1.0	0.531143	60	60	5900.0
-11641.204308096	21951.802996992003	1.0	0.682486	60	60	7200.0
-13124.581734528	22646.651753088	1.0	1.906966	60	60	6400.0
-22899.452336640003	7456.351465727999	1.0	1.328752	60	60	6100.0
4597.511174784	15460.747327872	1.0	1.352334	60	60	4800.0
-16529.681659392	-15918.618570624	1.0	1.675952	60	60	6500.0
15031.599656832002	1410.733247616	1.0	6.37955	60	60	3800.0
-9146.067714432	23308.296523776004	1.0	59.856005	60	60	7000.0
-18457.165609344	1887.377488128	1.0	40.094665	60	60	3800.0
-15320.602433664	-18081.296880768	1.0	17.097004	60	60	5500.0
-18279.038587392	1407.310172928	1.0	0.954354	60	60	4700.0
9761.756057856	-1507.124906496	1.0	1.678681	60	60	2300.0
1208.318006016	-10642.099412736	1.0	0.291709	60	60	2100.0
10700.356056192	-15136.936049664002	1.0	1.976219	60	60	4400.0
11065.154107392002	-845.127689472	1.0	26.21608	60	60	3400.0
-21705.066421632	17141.6459808	1.0	0.485396	60	60	7200.0
15311.635168896	22743.328265856	1.0	1.227882	60	60	7200.0
-7941.15508032	-1498.856097024	1.0	0.654487	60	60	2500.0
-11543.698983168	-21416.585072256	1.0	57.677945	60	60	6000.0
-19126.424186496	9446.295665664	1.0	1.893602	60	60	6700.0
-4639.692081024	11235.16842624	1.0	0.615133	60	60	2800.0
1387.080718848	-8390.866948992	1.0	0.62021	60	60	2700.0
870.738789888	-12043.157284224	1.0	15.907383	60	60	3600.0
7996.687104384001	-6993.217668096	1.0	50.34353	60	60	3300.0
9397.714398336	-15228.0957312	1.0	1.495096	60	60	5500.0
-8700.474157056	-15950.950291583998	1.0	1.928936	60	60	5100.0
1619.632536192	18720.946747008	1.0	0.28036	60	60	5100.0
18873.464277888	-18107.377909632	1.0	0.636842	60	60	7200.0
7767.083605248	-22385.405332224	1.0	0.444546	60	60	5200.0
-23859.887914368	986.54396544	1.0	0.445806	60	60	7200.0
-10450.750020480002	-483.29887795200005	1.0	2.191662	60	60	2900.0
-11220.49925568	-10537.49366208	1.0	1.495237	60	60	4600.0
-20214.947453184	-19975.103698176	1.0	1.221931	60	60	5600.0
-5025.076860672	855.9102942720001	1.0	1.844167	60	60	1200.0
-6845.698759680001	-7781.607934848	1.0	0.462979	60	60	2100.0
-11249.58010176	10572.675531264002	1.0	0.312155	60	60	4300.0
-5296.977138816001	-5080.766600448001	1.0	1.98559	60	60	2300.0
1414.700280576	16389.622060416	1.0	33.657375	60	60	3600.0
2438.2173150720005	911.74165632	1.0	17.680545	60	60	1200.0
23146.005446784	-21282.330377088	1.0	14.263819	60	60	7200.0
8381.1014496	21042.122910336	1.0	53.43764	60	60	5000.0
6603.307413120001	-11666.514461184	1.0	1.285501	60	60	3600.0
23029.255586304	-19383.547468032	1.0	16.775614	60	60	7200.0
4451.900948352	7609.765401216	1.0	1.668558	60	60	2600.0
-651.270939264	-18280.673680896	1.0	1.180806	60	60	5100.0
-21265.948864512	10404.293087232	1.0	49.77592	60	60	5500.0
-9120.532253184	9376.345528704	1.0	0.635	60	60	2600.0
8859.871633536	-22262.60272896	1.0	0.283487	60	60	6700.0
-21408.361324416	23836.34803968	1.0	1.388128	60	60	6600.0
-2840.99910336	11822.215274496	1.0	1.91549	60	60	3500.0
-3601.513922688	-19785.42802368	1.0	0.498603	60	60	5100.0
-24093.278199936	10379.32733376	1.0	0.533939	60	60	5200.0
9798.910982784	-3327.426546048	1.0	1.82261	60	60	2400.0
20929.190413824	-3227.671358208	1.0	2.071741	60	60	6500.0
-6940.886629248	20254.707906048	1.0	0.468305	60	60	5800.0
9654.54316992	8535.337759872002	1.0	0.979699	60	60	2900.0
-6893.4029345280005	7210.648089216001	1.0	0.452469	60	60	2400.0
-13174.329776256	-1846.857424896	1.0	0.861161	60	60	3100.0
1360.1354722560002	22711.39244352	1.0	1.053991	60	60	6500.0
-3178.7843155200003	16526.314911744	1.0	0.724187	60	60	3900.0
3170.2869792	-13682.108385792	1.0	0.34094	60	60	3500.0
-15231.499493760002	143.878572288	1.0	35.427833	60	60	4800.0
-7215.825348864	20245.973996160003	1.0	1.209853	60	60	4400.0
3577.866221952	-9885.900854016	1.0	1.830145	60	60	3200.0
6547.4470828799995	-22754.004653952	1.0	1.94606	60	60	5800.0
251.236301184	20634.231454848	1.0	49.782839	60	60	5800.0
-9727.290346752	-2933.373839616	1.0	29.040579	60	60	3000.0
16618.350076416	19081.489692672	1.0	0.544901	60	60	5100.0
-21758.754137472	23609.813559552	1.0	0.423857	60	60	7200.0
-616.4624378880001	1813.114309248	1.0	2.232237	60	60	1200.0
1511.54416512	-16953.000286464	1.0	0.278953	60	60	4200.0
-1216.689813504	-17481.188596608	1.0	0.324024	60	60	3900.0
-9365.979744	-11699.57682432	1.0	0.356283	60	60	3100.0
17390.550342528	-22565.574611712	1.0	1.656444	60	60	7200.0
20690.05637952	-19369.821373056	1.0	57.222356	60	60	6300.0
6592.021083647999	-17788.742281728	1.0	1.779405	60	60	5600.0
18948.462926976	22073.236048512	1.0	30.582365	60	60	7200.0
-6252.116365440001	23102.678687616	1.0	2.100142	60	60	4900.0
18383.071411584	1422.85321728	1.0	0.564925	60	60	5700.0
-1991.39421888	-15078.824247168002	1.0	0.398979	60	60	3300.0
-22727.336214528	4811.47185024	1.0	1.822213	60	60	7000.0
-1696.2968563200002	-22770.74505024	1.0	2.176523	60	60	6600.0
-13145.754264192	-21476.11631616	1.0	0.358829	60	60	6600.0
-19913.56399296	-21819.938177664	1.0	41.922601	60	60	7000.0
1578.780948096	7883.452051200001	1.0	22.949836	60	60	1900.0
-3063.400788096	7233.965874432	1.0	1.947211	60	60	2100.0
7305.44006016	9239.417713152	1.0	1.383862	60	60	3200.0
-7106.912993664001	-88.386781824	1.0	2.664252	60	60	1900.0
-15946.027308288	-12412.295736192	1.0	1.121228	60	60	6300.0
17500.182074496002	4795.302771072	1.0	2.030673	60	60	4700.0
16433.444497536	22252.565250432	1.0	2.151729	60	60	6600.0
-7553.570327424	-9739.350770688	1.0	2.147271	60	60	3700.0
-5774.06877696	16025.923191168002	1.0	0.208627	60	60	3500.0
-8626.565033856	-3404.259847296	1.0	1.002167	60	60	2400.0
-8252.101262592001	6448.837747968	1.0	1.076611	60	60	2800.0
365.615597952	7632.819254016001	1.0	1.907461	60	60	1500.0
18925.779223296	-14090.046512256	1.0	0.770781	60	60	5700.0
2687.99072256	6878.365224192	1.0	1.14741	60	60	1700.0
17918.29125504	-21005.482975488	1.0	32.997287	60	60	7200.0
7856.130218112001	-23006.980656000003	1.0	2.141463	60	60	7200.0
12886.096265856	17980.304107392	1.0	55.475843	60	60	6900.0
17976.205108224	-2073.634915968	1.0	0.588014	60	60	4200.0
-18772.352413056004	2810.556752256	1.0	2.126275	60	60	4500.0
-10069.229275776	-12117.42690048	1.0	1.886302	60	60	3900.0
15983.977249152002	-20497.688272512	1.0	0.967548	60	60	7200.0
3358.972907136	-17789.815714176	1.0	1.925254	60	60	5200.0
-21349.763500032	-10180.397931264	1.0	1.550503	60	60	5500.0
2830.630099968	17205.525672192	1.0	1.290457	60	60	5100.0
-17067.461659776	18065.842350336	1.0	1.98286	60	60	5100.0
17767.136838528	-14534.296267392	1.0	2.20503	60	60	5200.0
-5905.02914496	17119.483704576	1.0	7.625621	60	60	5500.0
-21698.711122176	12357.951408	1.0	7.40725	60	60	7200.0
14080.865204736	8128.308912768001	1.0	36.087964	60	60	3900.0
-6156.543862656001	-12951.337462271998	1.0	15.774782	60	60	4100.0
-11931.278908032	12004.679478528	1.0	2.021663	60	60	4300.0
16691.169673728	17356.169926656003	1.0	0.494005	60	60	6500.0
-3503.59016832	-8529.288235776	1.0	0.870467	60	60	2100.0
-19105.229126016	-23604.509161728	1.0	2.234613	60	60	6400.0
-2249.2256117760003	6364.97966016	1.0	33.312813	60	60	1900.0
3456.3237350400004	22191.833435904	1.0	43.543113	60	60	4300.0
3074.999330304	20167.914374784	1.0	0.561512	60	60	4100.0
13933.447684992	-13569.003689472	1.0	1.682106	60	60	4000.0
3127.785813504	20400.641610624	1.0	1.942842	60	60	4400.0
18779.00061312	4625.854941312	1.0	1.026727	60	60	4600.0
16779.529096704002	-14865.113020032	1.0	1.450157	60	60	4900.0
2674.5977617920003	18244.032136704	1.0	1.929785	60	60	5800.0
-20965.2863904	3665.12807232	1.0	0.270956	60	60	4900.0
12242.614551552	20717.889984	1.0	1.205173	60	60	5300.0
8785.758123648	-21257.715460608	1.0	1.219766	60	60	5200.0
-19366.07321088	18323.68500864	1.0	1.331527	60	60	7200.0
-10744.485878016	-21753.72010944	1.0	0.827436	60	60	6300.0
-9388.500903936	19320.628555008	1.0	1.508777	60	60	4700.0
-11784.110836608	-13216.30307712	1.0	0.332322	60	60	3800.0
-10076.958955008	-13349.836786176	1.0	38.211468	60	60	5000.0
13724.216871552	-9597.124994688002	1.0	49.304451	60	60	3400.0
-14805.395092224	996.8276736	1.0	1.952137	60	60	4600.0
13727.699491968	1982.987005824	1.0	1.739903	60	60	3200.0
-2802.247709184	19562.834827008	1.0	0.232136	60	60	4000.0
-11514.970583424	-9498.977541504	1.0	0.40717	60	60	3000.0
-22893.309470592	-3261.3999897599997	1.0	1.105522	60	60	4600.0
12136.951461888	21477.839923584	1.0	24.880958	60	60	6600.0
-5371.827728256	18843.474152448	1.0	1.946392	60	60	5200.0
-24055.66139328	-4314.524125824	1.0	41.68253	60	60	6300.0
7056.86883264	-20440.159052544	1.0	1.712692	60	60	6200.0
-4077.767092608	21464.414775936	1.0	1.920816	60	60	4600.0
962.155966464	8019.662099328	1.0	9.443061	60	60	1600.0
-2173.573569024	19451.268663552	1.0	1.90386	60	60	4400.0
-3806.056717056	11198.89381248	1.0	1.867926	60	60	3300.0
2443.9353143040003	-23440.428494208	1.0	1.971103	60	60	5600.0
20289.83666688	-20058.023538432	1.0	1.617706	60	60	7200.0
21884.448731904	-15224.358834432	1.0	1.145004	60	60	5300.0
-19228.849276032	7766.695753344	1.0	1.789101	60	60	5800.0
-12547.582020864002	-18628.320953088	1.0	1.030471	60	60	7100.0
-7645.552383744	9716.483601792	1.0	2.145841	60	60	2800.0
-4553.238121344	-2929.184717184	1.0	0.757749	60	60	1600.0
17524.76641344	-679.389397632	1.0	1.933246	60	60	3500.0
-15229.95452352	-11697.952996224	1.0	1.722566	60	60	5900.0
16665.225439104	16067.737166976	1.0	1.400894	60	60	6900.0
6077.887174656	1396.643440896	1.0	1.248478	60	60	1300.0
5494.458131712	6877.763329536	1.0	7.611006	60	60	2200.0
2021.060866176	-8451.278504064001	1.0	1.720455	60	60	2600.0
23912.033878656	8519.839777152	1.0	0.68067	60	60	7200.0
-3345.427058688	1480.6656817920002	1.0	1.123907	60	60	1200.0
4978.541069568	7464.534979968	1.0	0.744607	60	60	1900.0
-19391.405894784	3719.350090368001	1.0	1.170569	60	60	5700.0
3582.235590912	12921.179965056	1.0	1.173102	60	60	3400.0
24082.868962944	7257.621621888	1.0	0.439133	60	60	4900.0
-5777.306777088001	3544.142418432	1.0	39.934594	60	60	1900.0
-17393.535675648003	18354.283466112	1.0	0.822961	60	60	6400.0
-6053.4187084800005	23544.240838272	1.0	0.525456	60	60	5100.0
16931.501059968	-19211.783792256003	1.0	2.160384	60	60	6300.0
-14367.944815488	18452.52908928	1.0	0.94271	60	60	5700.0
12180.984723072	-2971.6359932160003	1.0	0.256088	60	60	2800.0
-19957.32205632	-18583.833856896	1.0	0.92905	60	60	7200.0
-8438.889773952	-1278.099161856	1.0	2.212433	60	60	2000.0
16779.9459168	-15710.81041728	1.0	1.332825	60	60	5800.0
-10738.016315136	4332.146442624	1.0	1.068917	60	60	2800.0
-9714.148443648	20917.937880576	1.0	0.281902	60	60	4700.0
-15731.912135808	-12018.936657024	1.0	1.204069	60	60	4100.0
-18375.436683648	-11263.909700736	1.0	0.778835	60	60	5900.0
-7667.030688768	-222.88287859200005	1.0	34.053472	60	60	1500.0
-5443.295476608	5863.108952448	1.0	0.337355	60	60	2200.0
-1353.303806976	2494.026146304	1.0	1.018375	60	60	1200.0
20087.551782144	-15911.032123008	1.0	1.456854	60	60	7100.0
-22876.018678656	22335.346687104	1.0	1.761284	60	60	6300.0
-11448.095902848	-19280.370814848	1.0	43.379773	60	60	5500.0
-139.298379264	11253.387809664	1.0	1.527008	60	60	3100.0
6606.173654783999	-23188.794685056	1.0	2.135704	60	60	7200.0
1445.77027584	-3075.000939648	1.0	32.229936	60	60	1200.0
-15698.04027264	-24079.806381312	1.0	2.020089	60	60	7200.0
-10945.608816384	8827.000782336	1.0	23.043598	60	60	3100.0
4729.713956352	-16519.737522816	1.0	0.671354	60	60	3600.0
10448.213694336	5153.605509888	1.0	0.445591	60	60	2600.0
-9843.803633664	16165.229617152	1.0	1.068749	60	60	4400.0
2426.707286784	-20051.269121664	1.0	1.537865	60	60	5600.0
15412.093640064002	-16372.93477248	1.0	0.357274	60	60	5600.0
-6977.991664512	-23402.293478784	1.0	44.698817	60	60	6700.0
-16478.78132736	14231.961684864	1.0	12.522047	60	60	4600.0
18454.584221568	19694.730223872	1.0	55.309413	60	60	7200.0
655.003008	-17018.004909312	1.0	1.311985	60	60	3600.0
-14022.759839616	24071.395949568	1.0	2.157846	60	60	5500.0
-19884.270713472	-12747.744180864	1.0	36.69212	60	60	5300.0
16948.65344832	13300.932040704	1.0	44.159836	60	60	6400.0
-4914.7337986560005	12279.957769728	1.0	0.616307	60	60	3100.0
2747.589558912	3612.185482752001	1.0	1.887832	60	60	1200.0
14150.47094208	-23665.817121408	1.0	0.27098	60	60	7200.0
-12878.997449472	-2782.196892288	1.0	0.428732	60	60	3600.0
19654.430640768	-12896.547345792002	1.0	0.290333	60	60	7200.0
23693.570258688	-14279.731842816	1.0	1.522163	60	60	6500.0
-17665.26214464	16572.20374656	1.0	19.07779	60	60	5600.0
16075.333270656	22009.345091712003	1.0	0.487631	60	60	7200.0
-18540.888512256	2748.046612608	1.0	0.74569	60	60	4900.0
-16009.137733248	-709.435850112	1.0	1.290951	60	60	3600.0
17774.037705600003	23077.54234368	1.0	1.367782	60	60	7200.0
-23356.8520416	9974.041406208	1.0	53.106923	60	60	5300.0
14428.897110143998	18929.984439168	1.0	0.536185	60	60	5400.0
-19004.553393408	100.107634176	1.0	0.469957	60	60	4200.0
19459.852904448	-12473.658413568	1.0	0.407918	60	60	5500.0
12804.988546944	8544.7717344	1.0	0.774308	60	60	4100.0
6655.735012608	-21945.953031552	1.0	0.24634	60	60	6600.0
17127.327647232003	-10513.094397696	1.0	17.962862	60	60	4400.0
-16260.063431040002	2569.82463936	1.0	1.753282	60	60	3800.0
22765.65147648	-11039.644395648	1.0	0.203411	60	60	7200.0
-10872.871295616002	-9329.386480128	1.0	57.709705	60	60	4500.0
-18771.050453760003	-20351.453620608	1.0	0.521553	60	60	6300.0
-3089.460895488	16396.653284352004	1.0	2.150095	60	60	3900.0
-1710.648986112	5120.720174592	1.0	0.306534	60	60	1300.0
18072.239492736	17947.946636927998	1.0	29.792397	60	60	7100.0
-2586.6986112	1674.044456832	1.0	1.030685	60	60	1200.0
15578.919848448	-6500.562064128	1.0	1.39436	60	60	5000.0
5499.270070272	6561.015462144	1.0	1.634908	60	60	1900.0
-11363.347847808	-21577.377849984	1.0	23.563805	60	60	7200.0
9990.393950592	3698.016626304	1.0	1.489024	60	60	2400.0
21548.266426368	-20841.106188672	1.0	1.92264	60	60	7200.0
3952.429772544	-17915.476512384	1.0	0.974887	60	60	4000.0
3304.652719104	-6293.735610624	1.0	1.194292	60	60	1900.0
1278.839460096	13666.824445824002	1.0	1.413458	60	60	3000.0
-18416.779121664003	-1058.164601472	1.0	0.767668	60	60	5900.0
-3066.7675357440003	2562.223707648	1.0	0.926204	60	60	1200.0
11411.175942144002	-4569.955986816	1.0	0.541011	60	60	2400.0
-19460.408128128	24017.587532928	1.0	36.578359	60	60	7200.0
-11937.983435136	23946.589713024	1.0	0.92345	60	60	6400.0
8628.814896768	-1305.62860032	1.0	0.646333	60	60	1800.0
22214.436672384003	-9516.788151552	1.0	1.47459	60	60	7200.0
-18670.213786752003	22796.119577088	1.0	1.162078	60	60	7200.0
-22428.384473088	939.515715072	1.0	1.717277	60	60	6900.0
-802.520307072	13041.917779968002	1.0	0.415798	60	60	3100.0
-20222.918534016	19940.354742528	1.0	46.500492	60	60	7200.0
-630.489480192	-15090.52095936	1.0	2.101954	60	60	3900.0
21880.080972288	-5707.050864768	1.0	54.024822	60	60	4600.0
6550.1362967039995	22729.954617216	1.0	2.844974	60	60	6600.0
-2665.984552704	2575.5458572800003	1.0	1.063745	60	60	1200.0
-34.78597056	13694.188121856	1.0	2.699819	60	60	2700.0
1307.598437376	9805.760350848	1.0	1.08903	60	60	2100.0
-23948.611049088	2903.045751936	1.0	1.716245	60	60	5500.0
-568.159587072	2957.4753753600003	1.0	0.935306	60	60	1200.0
21415.931678592	-6951.802809600001	1.0	0.422073	60	60	6800.0
-20112.416146944	-12964.485802752002	1.0	0.607219	60	60	6900.0
21457.959697152	-18510.724577664	1.0	1.650251	60	60	6000.0
20860.999289856	-21797.331722496	1.0	2.25142	60	60	6400.0
17062.776859392	20625.318907776	1.0	1.998273	60	60	6800.0
146.18476224	-4869.453295872	1.0	1.565364	60	60	1200.0
472.725487872	-10290.506029056	1.0	1.9127	60	60	2100.0
21588.485542272	6141.829630464	1.0	0.258862	60	60	4400.0
-21827.568077568	-18911.044069632	1.0	0.41918	60	60	7000.0
-2763.5912663040003	-18464.958052992	1.0	45.098735	60	60	5600.0
-4012.654643712001	13390.010840448	1.0	1.845456	60	60	2800.0
-21628.056092544	-8069.947661952001	1.0	9.215671	60	60	5500.0
-8772.857622144	-8985.332873088	1.0	0.938797	60	60	3700.0
20656.08312768	9462.141266688	1.0	3.664333	60	60	5000.0
-6888.265908480001	814.2298940160001	1.0	1.154836	60	60	2100.0
-7664.129041536	22320.811092096003	1.0	0.476978	60	60	5800.0
6959.14141824	5259.096399744	1.0	1.653931	60	60	2600.0
9436.185766656	12980.131845120002	1.0	1.053276	60	60	4100.0
-5277.04702272	681.79053888	1.0	1.975803	60	60	1200.0
12938.937466752	-11866.30486272	1.0	0.659888	60	60	4000.0
14389.996046976	-11387.422024704	1.0	0.947718	60	60	4200.0
5933.94905664	-17958.837067776	1.0	0.864664	60	60	5800.0
-10960.36489152	15102.591039360002	1.0	0.66398	60	60	3600.0
-5652.020956032	-16789.043538432	1.0	42.40644	60	60	5000.0
-44.421113088000006	-12944.16300672	1.0	31.961145	60	60	2600.0
-17605.328564736	8431.520587776	1.0	2.03651	60	60	6100.0
14535.942626304	21593.902594176	1.0	1.128118	60	60	6600.0
-11303.145507456	11305.149140736	1.0	14.484011	60	60	4700.0
23664.547348992	3113.6895694080004	1.0	1.973195	60	60	6000.0
-19726.386020352	-6258.592365696	1.0	2.177865	60	60	6200.0
-2127.667031424	-7374.609665280001	1.0	1.336682	60	60	1900.0
2722.206985344	-1858.129270272	1.0	43.219057	60	60	1200.0
-2976.993499392	11280.72090816	1.0	44.884	60	60	3000.0
-16917.863478912	-20993.165056512004	1.0	0.317539	60	60	5300.0
21753.04418496	20050.638258816	1.0	2.046205	60	60	7200.0
21231.869395968	-8742.545627904	1.0	0.367908	60	60	5900.0
-10183.417060608	7893.399406464	1.0	1.578536	60	60	3800.0
3310.655572224	-3671.02631808	1.0	33.763322	60	60	1300.0
21756.348168192	8545.399378560001	1.0	1.669701	60	60	7200.0
-11990.757043584	5552.8724908799995	1.0	1.433529	60	60	3000.0
-14913.552665088	19287.056029824	1.0	0.487108	60	60	4800.0
-10913.085583488	-4628.584388736001	1.0	1.591184	60	60	2600.0
10694.845662336002	13364.174431872	1.0	4.360395	60	60	4500.0
23273.74551744	15685.632230400002	1.0	1.374215	60	60	7200.0
10494.937778688	3925.864331136	1.0	1.625037	60	60	2300.0
-9765.819651456	12852.77640768	1.0	0.871389	60	60	4500.0
9959.024617344	-18627.347299968	1.0	2.008466	60	60	6700.0
-11180.457167616	-18056.860601472	1.0	35.312632	60	60	4600.0
19686.527397504	2738.422735488	1.0	1.623841	60	60	5600.0
3530.646459648	9874.987892352	1.0	21.897877	60	60	3300.0
22415.598235008	-18580.901632128	1.0	1.043458	60	60	7200.0
7524.058177152001	14042.350384128	1.0	18.026987	60	60	4400.0
19296.98407296	11510.071740288002	1.0	0.982584	60	60	7200.0
21170.867211648	-4621.7124898560005	1.0	1.046098	60	60	4900.0
-16465.893700608	-20933.355396096	1.0	0.252873	60	60	6500.0
17202.71253888	-12567.507308928	1.0	13.137159	60	60	6000.0
8489.318568192	9910.079638272	1.0	1.589195	60	60	3100.0
-21488.482515456	10139.858555904	1.0	1.50885	60	60	4900.0
20822.346065664	-1886.725703808	1.0	1.946163	60	60	5900.0
-12421.845583488	10781.883813888	1.0	0.6635	60	60	4200.0
22272.760908288	10456.878402432	1.0	0.305694	60	60	5800.0
3635.63684352	13153.1282784	1.0	0.485671	60	60	3200.0
-9695.826062208002	-9764.6544864	1.0	1.476314	60	60	3000.0
-19037.728410624	-5726.277697536	1.0	1.370657	60	60	4500.0
-12193.704978048	1191.53415744	1.0	0.76876	60	60	3900.0
-590.112648576	22726.515449088	1.0	11.984716	60	60	6700.0
-22636.564384896	15310.933494912002	1.0	2.166703	60	60	7200.0
12138.015238272	18774.57491712	1.0	2.115218	60	60	4600.0
-15373.75745664	11226.009649536	1.0	1.757333	60	60	5900.0
9073.185352704	-16362.829701504	1.0	0.257804	60	60	5300.0
21062.083603968	-8425.070337024	1.0	1.76083	60	60	5700.0
-10832.122705536	-16795.839798144	1.0	1.414124	60	60	5600.0
-13734.329989248	-9528.560502912	1.0	14.216025	60	60	4100.0
-9508.807414656	6043.884954624	1.0	45.865815	60	60	2400.0
11075.442643584	-23169.659584896	1.0	1.568087	60	60	6900.0
-21107.01326976	-13893.53112576	1.0	1.718157	60	60	6000.0
-2411.3943786239997	-13536.689671296	1.0	0.46642	60	60	2800.0
19586.820489984	-22663.242480384	1.0	1.780537	60	60	7200.0
-13276.608415488	7397.130825216001	1.0	1.231416	60	60	3900.0
-13282.4390688	10731.553189632	1.0	1.75008	60	60	3700.0
10555.386348672	5401.186990848	1.0	0.686348	60	60	3300.0
12109.912873344	-2168.698866048	1.0	1.015162	60	60	2900.0
-13469.287125888	-4656.871828224	1.0	1.96383	60	60	4100.0
-3923.575843968	376.591324032	1.0	25.515282	60	60	1200.0
4894.988757120001	20623.899466368	1.0	1.605115	60	60	4800.0
-6549.180346368001	7285.015875456	1.0	0.240119	60	60	3000.0
8726.373330048	22982.393098368	1.0	1.017869	60	60	6900.0
23669.56367424	-14679.880744320002	1.0	0.697514	60	60	7200.0
-15765.854810112	-21117.177886464	1.0	24.129086	60	60	7200.0
9955.545215616	-22793.180914944	1.0	2.093866	60	60	5500.0
-3314.2170504960004	22315.068952704	1.0	1.207606	60	60	6900.0
-11959.764296832	22925.52370944	1.0	1.483849	60	60	7200.0
6898.391900928001	2088.49398912	1.0	1.375954	60	60	1700.0
-16876.274811264	13877.572870656002	1.0	0.789526	60	60	5800.0
-4439.4961248	-18608.517975168	1.0	1.806161	60	60	5700.0
-13450.184212608	2914.9967404800004	1.0	2.18747	60	60	4000.0
4974.623926272	-10107.007016832	1.0	1.240849	60	60	3000.0
7034.9479580160005	23579.789637888	1.0	1.84957	60	60	6900.0
6441.223941504	24027.839054208	1.0	0.376269	60	60	4900.0
-16441.805039616	-7397.16462144	1.0	1.028085	60	60	3800.0
15465.46592448	9634.043346048	1.0	1.445007	60	60	5200.0
-19452.874788864	12739.604118912	1.0	1.312915	60	60	4900.0
2953.4278752	-454.20515712	1.0	1.497893	60	60	1200.0
4971.236257152	16137.00494208	1.0	21.355692	60	60	4200.0
-3951.926047872	-18399.451314816	1.0	0.421329	60	60	4800.0
14283.302977152	-20060.701486848	1.0	1.646984	60	60	7200.0
-19514.147342976	-14583.806126208	1.0	10.849489	60	60	5700.0
21384.216336384	11057.4807552	1.0	0.888565	60	60	6500.0
-13118.940983808	-7094.3102208	1.0	0.534292	60	60	3600.0
6830.706110976001	5537.469459456001	1.0	0.900051	60	60	2400.0
5672.252019456	-21767.298144768	1.0	5.459423	60	60	7000.0
-23926.991121792	15777.070328448	1.0	0.726077	60	60	7200.0
-12983.51951424	9576.068337792	1.0	0.444456	60	60	5100.0
-16822.85102784	9695.378664576	1.0	27.120249	60	60	4800.0
-21089.860881408	16202.769175296	1.0	2.202181	60	60	7200.0
19868.14025856	5157.139629312001	1.0	1.718756	60	60	5500.0
93.770037504	19712.077342848	1.0	0.48648	60	60	3800.0
8784.988857216	4040.954957952	1.0	25.688919	60	60	3000.0
3133.3380503040003	-5082.945652224001	1.0	0.76276	60	60	1400.0
-14674.520019456	12999.680546688	1.0	1.868182	60	60	6200.0
-164.95776	2691.1852704000003	1.0	33.667263	60	60	1200.0
20268.926460288	13440.695520384	1.0	1.182467	60	60	5700.0
8153.863686144001	-10385.447668992	1.0	0.638672	60	60	2500.0
-6392.369085696	-11092.805856	1.0	0.207116	60	60	4000.0
15197.004814464	4737.358340352001	1.0	0.213984	60	60	5000.0
14115.771876096	12270.528623232	1.0	0.499436	60	60	5600.0
17145.481047552	-11742.589761408	1.0	1.765997	60	60	4500.0
5026.9372623360005	-6937.886812032001	1.0	2.09629	60	60	1800.0
5669.720521344	7535.74523328	1.0	0.937932	60	60	2400.0
12458.564376192002	7959.913593984001	1.0	1.604282	60	60	3200.0
-10083.121133184	-3631.436455680001	1.0	0.735869	60	60	2600.0
-469.61462592	-3009.157848576	1.0	0.921415	60	60	1200.0
-6529.530256128	-14166.366432768	1.0	0.542461	60	60	4400.0
-9545.391022464	19009.880322048	1.0	1.389181	60	60	5600.0
-4393.518776064	4095.02408832	1.0	1.476725	60	60	1200.0
3975.585014016001	7985.917374336001	1.0	1.328074	60	60	2000.0
-8106.577940736	14891.158643328	1.0	59.634766	60	60	4100.0
-10602.923151744	-22529.839128192	1.0	1.267652	60	60	5000.0
-19721.298883968	-14027.818007808	1.0	1.646496	60	60	5600.0
14511.403348992	14540.802845184	1.0	0.697649	60	60	4300.0
-21376.800479232003	-21449.98861632	1.0	1.027851	60	60	7200.0
808.2399156480001	-3363.6400047360003	1.0	4.299083	60	60	1200.0
-17951.554786176002	12324.868123392002	1.0	34.113267	60	60	4400.0
4257.389195136	21173.908871808	1.0	16.691626	60	60	4500.0
-4496.693819904	-803.661331968	1.0	22.198861	60	60	1200.0
-9238.556714112	6140.32328448	1.0	2.002489	60	60	2500.0
21565.99817856	10396.843433856	1.0	1.960925	60	60	7000.0
-13280.672009088	-22222.977460992	1.0	0.376642	60	60	7200.0
4586.231282688001	2430.395903232	1.0	1.246921	60	60	1200.0
8068.032542592	-10434.643705728002	1.0	34.77993	60	60	3000.0
-22103.733117312	11883.445985664	1.0	0.310716	60	60	6100.0
-21958.700645376	12571.7527584	1.0	2.127509	60	60	7200.0
-18687.192365952	14083.527059712002	1.0	1.704019	60	60	5600.0
18608.905827072	-21474.413630208	1.0	39.498315	60	60	6900.0
-10381.37120064	5441.584743936	1.0	29.035881	60	60	3300.0
7725.263192064001	6616.796934528001	1.0	0.330965	60	60	2300.0
-3018.379389696	-13703.4434592	1.0	2.006966	60	60	3300.0
10546.835904	-17165.836030464	1.0	0.504646	60	60	4100.0
-13268.690443008	-7754.979729024	1.0	0.959669	60	60	3700.0
-22486.86481536	-22200.121557504	1.0	0.828279	60	60	7200.0
5123.470543488001	-3632.196066048	1.0	1.347019	60	60	1900.0
3477.5075301120005	-1354.3386151680002	1.0	1.727855	60	60	1200.0
23992.332097536	-23654.908987776	1.0	49.349741	60	60	7100.0
17311.34325888	-11561.30198784	1.0	1.834853	60	60	6200.0
-14958.63521856	-12005.752910976	1.0	2.057357	60	60	5300.0
-3200.597364096	16554.698911871998	1.0	0.993825	60	60	3800.0
14051.00543616	-17781.498624384	1.0	1.239714	60	60	7200.0
-18385.512786432	4713.3099129600005	1.0	1.736135	60	60	4000.0
12004.198284672	21640.835893248	1.0	0.256307	60	60	7200.0
6537.129578496	-1147.970824704	1.0	1.400341	60	60	1300.0
5170.08197376	18453.972670848	1.0	2.147243	60	60	4900.0
5350.798430207999	12105.178183296	1.0	16.138252	60	60	3400.0
-8267.761789056001	21950.314353792	1.0	2.012557	60	60	4600.0
-20329.439404032	-5253.866031744	1.0	1.511663	60	60	4700.0
-8608.373009280001	-125.93921472	1.0	0.659412	60	60	1800.0
24107.446864512	19797.53833728	1.0	1.945151	60	60	7200.0
-23802.75298368	22619.123923968	1.0	34.70603	60	60	7200.0
-11996.357560704	4092.302687616	1.0	2.008709	60	60	2800.0
7604.564001408	-6786.359027712	1.0	1.712336	60	60	3200.0
14464.499018112	14665.560801408	1.0	1.893954	60	60	6000.0
21861.982289664	11282.272315776	1.0	34.748225	60	60	5200.0
-12781.315096704	-10224.957447936002	1.0	0.635096	60	60	3900.0
-13267.497919104	10807.264778112	1.0	1.018529	60	60	3900.0
-2689.167153024	-17651.024278272	1.0	0.24416	60	60	5300.0
4083.341860224	1859.144766336	1.0	5.314826	60	60	1200.0
-12892.58353152	-14902.483597056	1.0	2.019344	60	60	3800.0
-23841.882573696003	5561.45834112	1.0	0.585251	60	60	5500.0
-7030.335578112	20691.921609216	1.0	17.919874	60	60	5500.0
4648.915231488	7587.812339712	1.0	1.947903	60	60	2800.0
-23750.415507456	-3596.541049728	1.0	1.164257	60	60	7200.0
17454.18863232	8298.71108352	1.0	58.869503	60	60	4500.0
7858.145116800001	-15672.350314368	1.0	2.115674	60	60	4400.0
-23434.884304128	21955.737843072	1.0	0.548939	60	60	6500.0
-3107.059072128	-76.093003008	1.0	1.97757	60	60	1200.0
22719.416632704	8357.276721024	1.0	1.152613	60	60	7200.0
-20557.935674496	-4561.21885824	1.0	23.279311	60	60	5200.0
-2500.500537216	1187.211459456	1.0	0.515639	60	60	1200.0
-9183.203327232	4603.72163328	1.0	1.135384	60	60	2300.0
-16647.298956288	-2814.26789952	1.0	1.811829	60	60	5300.0
17998.45267968	-18165.539601792	1.0	1.25803	60	60	7200.0
-4393.840644864	-14987.693533824	1.0	10.826491	60	60	4100.0
12757.2296544	-2875.6096554240003	1.0	1.646895	60	60	2800.0
14885.202461184	-17821.700037504	1.0	0.638801	60	60	7200.0
-883.4493888000001	-12258.632352384	1.0	0.791213	60	60	3500.0
-3435.746662656	-13809.230468352	1.0	1.492619	60	60	3800.0
-3153.192527232	5407.247780352	1.0	0.579062	60	60	1900.0
7980.46330752	16189.192749312	1.0	0.310111	60	60	3900.0
15185.718484992	10762.481562624002	1.0	31.655324	60	60	4200.0
-16857.023838335997	11799.542836224002	1.0	57.24612	60	60	4000.0
-1653.143906304	4397.71755456	1.0	36.816034	60	60	1200.0
-19157.515103232003	278.849425536	1.0	1.949719	60	60	5400.0
15443.310085632002	-13021.662576384	1.0	1.926481	60	60	4900.0
-2656.154679552	10353.098245248	1.0	30.258976	60	60	2100.0
-22120.190269056	7042.029071616001	1.0	1.315758	60	60	6500.0
-2236.164175872	-16404.199498368	1.0	0.4864	60	60	3300.0
5183.756569728	16377.233330304	1.0	55.975287	60	60	5400.0
-14915.60136	10351.14772032	1.0	0.707563	60	60	5200.0
-17917.066544256	-2108.293748352	1.0	0.966047	60	60	4900.0
-942.85027584	11688.071624064	1.0	1.231365	60	60	2600.0
-13540.894887168	-3264.778002816	1.0	1.60442	60	60	3600.0
-11293.536114432	5515.624224	1.0	6.336841	60	60	2500.0
9683.807481216	12657.664369152	1.0	0.690136	60	60	3500.0
-2627.34259392	12224.5367904	1.0	1.159598	60	60	3000.0
9447.39645696	-8006.294888064	1.0	17.207215	60	60	3100.0
-24016.05543744	11627.404183296	1.0	31.624058	60	60	7000.0
-10816.201465344	4493.573301888	1.0	0.529851	60	60	3600.0
19329.595819776	-17876.573839872002	1.0	0.498331	60	60	5600.0
-3949.304426496	-21863.820160512	1.0	0.238411	60	60	5000.0
3529.141723008	21920.937388416	1.0	0.965381	60	60	4700.0
4735.16480448	-1437.013835136	1.0	0.312936	60	60	1200.0
-16970.867223552003	-932.980169088	1.0	0.711394	60	60	4400.0
-15347.74241088	-7767.017622144001	1.0	36.556954	60	60	3600.0
7065.7845984000005	4129.83419904	1.0	1.100383	60	60	2500.0
3148.911672192	-20921.444641152	1.0	1.294827	60	60	4500.0
-17977.238307072002	-5641.722763776	1.0	2.176761	60	60	4100.0
-18299.045952	17739.280703232	1.0	0.277395	60	60	7200.0
5769.721938816	17459.208176256	1.0	1.974664	60	60	5600.0
-11269.416875904	895.0688524800001	1.0	0.240313	60	60	2400.0
-20557.964642688	-6008.3425923839995	1.0	58.790049	60	60	6300.0
12138.49321344	-24001.543982592	1.0	0.31462	60	60	6300.0
23587.601393664	-14242.945457664	1.0	0.508073	60	60	7200.0
-6628.907248128	-18672.698613888	1.0	0.816929	60	60	5800.0
-10778.748811776	21269.322049536	1.0	0.349457	60	60	6500.0
22445.28741312	14832.485179776	1.0	1.862202	60	60	7200.0
667.589687424	-13653.22387968	1.0	26.289317	60	60	3400.0
1081.208798208	-20574.688945536	1.0	0.483816	60	60	6000.0
22596.585061248003	7175.918445696	1.0	1.657381	60	60	6200.0
-19000.340130816003	-3724.499991168	1.0	39.607592	60	60	3800.0
-15899.065041024	-18068.686061184	1.0	1.957737	60	60	6300.0
11330.5059648	-2165.182449408	1.0	28.295067	60	60	2900.0
-9193.596470784	-13078.813600512	1.0	37.936957	60	60	3500.0
22135.1587776	-15537.859045632002	1.0	3.172796	60	60	7200.0
1570.6795104	-11980.104795648002	1.0	48.038133	60	60	3500.0
-2346.370443648	-12767.252648832	1.0	51.890096	60	60	3000.0
-14593.687498368	19869.714196992	1.0	0.677016	60	60	6600.0
21346.92622656	-13540.074121728	1.0	1.056921	60	60	7200.0
-4592.049061248	4844.642039423999	1.0	2.141235	60	60	1700.0
-10204.853522688	-12916.3133088	1.0	1.174353	60	60	3400.0
19096.034943744	-19990.84469184	1.0	14.976123	60	60	7200.0
-20169.417502080003	-22915.098379008003	1.0	0.551987	60	60	6300.0
-5303.952035712001	-23586.354152064003	1.0	1.100673	60	60	5100.0
-7588.485045504	-20453.143239936	1.0	47.383091	60	60	5900.0
-12876.359734656	-5654.505783168001	1.0	1.737029	60	60	4400.0
-21953.182204800003	-8976.166049664	1.0	2.023192	60	60	5200.0
-23274.682155648003	23758.89835968	1.0	1.963838	60	60	6600.0
-1825.05242304	-12916.736566272	1.0	0.691654	60	60	3200.0
-8568.282640896	-1599.127884288	1.0	6.87947	60	60	2400.0
-15520.388007168	22224.643132032	1.0	1.343104	60	60	7200.0
-13367.05837632	-20023.00743168	1.0	1.969281	60	60	5800.0
-7756.169034240001	-7236.532778112	1.0	2.256487	60	60	2900.0
9510.83679744	2938.22762112	1.0	1.407945	60	60	3100.0
15635.378854656	-10078.920745344	1.0	1.077791	60	60	4300.0
23742.84515328	-5438.19868416	1.0	1.87069	60	60	7200.0
22809.774860928	14897.863170432	1.0	0.386982	60	60	7200.0
16464.277919232	15178.370220288	1.0	1.597465	60	60	5800.0
-20723.45831424	-5964.240129408	1.0	1.675334	60	60	4400.0
3799.160678016	-6071.573718144	1.0	1.182556	60	60	2000.0
-12752.25678144	-7713.194721408	1.0	1.352117	60	60	3900.0
-23032.868563584	6006.09594816	1.0	20.084325	60	60	7000.0
-2683.286610048	-1980.421711488	1.0	0.498381	60	60	1200.0
649.7452811520001	-14308.292870784	1.0	2.25226	60	60	4100.0
10806.76105344	23657.170116096004	1.0	2.097999	60	60	6400.0
-16369.765974144002	6571.960610688	1.0	2.126331	60	60	3900.0
3060.737323776	-20680.22328768	1.0	1.359617	60	60	5000.0
13469.625088128	20190.181258368	1.0	1.208584	60	60	4700.0
-2757.046064256	-16254.234387072	1.0	0.870259	60	60	3200.0
7660.559516544	-1043.1107976960002	1.0	2.104837	60	60	2100.0
4542.426548352	21044.963402496	1.0	36.288229	60	60	6200.0
-5503.760140032001	3107.19264768	1.0	1.468253	60	60	1600.0
-5345.50851648	-5762.093648256	1.0	47.096523	60	60	2100.0
2783.164108032	-15657.578145792	1.0	1.47044	60	60	3300.0
-11858.568746112	-22330.298174976	1.0	1.078514	60	60	5500.0
-22975.109207424	-16826.628158208	1.0	1.794037	60	60	7000.0
1214.719976448	15595.986941568	1.0	0.690174	60	60	3700.0
14905.996795008	-18341.79012864	1.0	1.382002	60	60	7200.0
20664.165253248	22479.719328	1.0	0.558374	60	60	7200.0
1393.827088896	16984.433993472	1.0	0.514665	60	60	3400.0
