trucks_count 10
drones_count 10
customers 500
depot 0 0
Coordinate X         Coordinate Y         Dronable Demand
X	Y	Dronable	Demand	Drone_service	Truck_service	Lw
-449.106755328	-365.351665536	1.0	43.411108	60	60	1200.0
-3029.536971648	-4082.802729984	1.0	1.613612	60	60	1200.0
-201.525274368	4011.867674496	1.0	0.228098	60	60	1200.0
-635.090594688	6140.835055872	1.0	0.936688	60	60	1700.0
6753.851888256	-5678.163139968	1.0	0.352091	60	60	2200.0
4610.590313472	2379.4939618559997	1.0	0.466139	60	60	1200.0
-64.10339020800001	-4078.3995648	1.0	1.413261	60	60	1200.0
6089.21856576	5395.771548288	1.0	1.538679	60	60	2200.0
2980.5404935680003	-214.94398464	1.0	0.618002	60	60	1200.0
2275.884395136	-6355.700182656	1.0	0.863822	60	60	1800.0
-1129.773972096	-2032.100966016	1.0	1.055822	60	60	1200.0
6806.601356544001	6980.328432	1.0	0.446301	60	60	2700.0
5740.134149376	-1103.601210624	1.0	1.371572	60	60	1500.0
1415.741526144	3424.943136384	1.0	1.6421	60	60	1200.0
-6234.193101312	2116.467606528	1.0	0.277717	60	60	1500.0
1553.020178688	-6379.887013632	1.0	0.987629	60	60	1300.0
6121.291182336	3893.320176768	1.0	0.209247	60	60	1400.0
-214.997092992	-6107.3043736320005	1.0	39.646874	60	60	1700.0
-2449.452145536	-3236.5082661120005	1.0	0.21965	60	60	1300.0
476.3336371200001	-6902.515040256001	1.0	0.281041	60	60	2100.0
1443.00220416	6234.651764352	1.0	0.642938	60	60	1400.0
-6622.7112737279995	257.701036032	1.0	12.261438	60	60	1400.0
1908.516221568	-2988.5115744	1.0	0.911276	60	60	1200.0
-4145.345056512	158.396464512	1.0	0.282904	60	60	1200.0
-3081.256459776	-2727.392291712	1.0	8.83794	60	60	1200.0
2258.511526656	-6576.782205312001	1.0	0.310096	60	60	2000.0
-7408.830756095999	-3986.687878272	1.0	1.218387	60	60	2500.0
1341.591001344	1662.399243648	1.0	0.905978	60	60	1200.0
2782.1920642560003	7243.362834048	1.0	0.94941	60	60	2300.0
7902.422998272001	360.636287616	1.0	0.487446	60	60	2300.0
213.901129728	-657.373571712	1.0	1.309915	60	60	1200.0
-6418.652891904	-5330.047548672001	1.0	1.429877	60	60	2000.0
-4916.280378240001	-6467.372562816001	1.0	58.410425	60	60	1900.0
-6485.397215616	4750.965343872001	1.0	2.116261	60	60	1800.0
2595.64656384	-5743.6280352	1.0	1.116942	60	60	1900.0
201.547805184	-2746.630389888	1.0	0.742441	60	60	1200.0
-7886.408416128001	1357.645817088	1.0	0.719329	60	60	1600.0
8004.64370112	-7227.890600832	1.0	0.871943	60	60	2200.0
6076.804086144	-8004.196303488	1.0	0.333084	60	60	3200.0
-2416.022851968	3922.55069184	1.0	32.465575	60	60	1300.0
211.466192256	1109.24839872	1.0	1.25546	60	60	1200.0
7745.656799232001	-3182.3425751040004	1.0	1.154439	60	60	1900.0
-7276.941796608001	-6896.195146368001	1.0	1.088407	60	60	2900.0
231.666678144	4340.386283904	1.0	2.099787	60	60	1200.0
219.041374464	-5812.060560768	1.0	1.460645	60	60	1200.0
3123.643362048	-7937.825347584001	1.0	1.71706	60	60	2300.0
499.382661888	7302.860281728	1.0	37.309774	60	60	2000.0
-5299.27206336	6654.511911168001	1.0	0.95772	60	60	2000.0
-3009.774227328	3927.148587648	1.0	23.03812	60	60	1200.0
-4856.80707072	-6381.663729408	1.0	0.287225	60	60	2200.0
-5046.825535488	-7324.415835264	1.0	1.66798	60	60	2100.0
-1171.269297792	-3714.9887681280006	1.0	0.862908	60	60	1200.0
6631.066987776	-362.562672384	1.0	1.938326	60	60	2100.0
-5309.303104512001	-1623.926265984	1.0	2.19305	60	60	1200.0
1076.234315904	8011.726424064001	1.0	1.617378	60	60	2000.0
-5461.524516096	-5210.011407744	1.0	1.532522	60	60	2200.0
-6966.414043776001	4677.595350912	1.0	17.712021	60	60	2600.0
4025.976793344	-7107.984816768	1.0	0.214387	60	60	1600.0
4786.988899968	-5620.358722176	1.0	1.935375	60	60	1900.0
571.836938112	-6213.208864896	1.0	2.162745	60	60	1500.0
2330.8273992960003	-1566.557980416	1.0	1.520521	60	60	1200.0
-3350.543163264	7362.438196608	1.0	0.674541	60	60	2000.0
-7979.77933632	2678.003133696	1.0	2.077069	60	60	2300.0
-6328.39122432	-7133.961238272001	1.0	0.950142	60	60	2300.0
-7039.3623886079995	-4173.307408512001	1.0	1.304124	60	60	1900.0
-3804.56163648	4171.651393536	1.0	27.961047	60	60	1200.0
7363.152745343999	-2789.6883886080004	1.0	1.179152	60	60	2500.0
4475.574398592	-2018.130250752	1.0	1.291975	60	60	1500.0
-5576.687563392001	1235.602824192	1.0	46.34711	60	60	1700.0
6247.999663488	4836.209076864	1.0	1.532082	60	60	2500.0
-5555.716201728	1048.07723328	1.0	0.827451	60	60	1400.0
-3990.241309824	3425.792870016	1.0	1.992082	60	60	1200.0
544.114378368	5460.024607488	1.0	1.106045	60	60	1300.0
2776.0572449280003	926.124363648	1.0	1.32079	60	60	1200.0
-2620.75233024	-3795.277330944	1.0	1.27127	60	60	1200.0
-5644.8722499840005	2534.16157632	1.0	2.011135	60	60	1300.0
3263.5516826880003	-3122.653615488	1.0	0.601462	60	60	1200.0
2101.7759051519997	-3455.401580928	1.0	0.42864	60	60	1300.0
-7490.438980992	-7394.711981184	1.0	0.55652	60	60	2700.0
-3998.819113344001	3935.921121792	1.0	0.416247	60	60	1300.0
7195.713376896	-60.063936768000005	1.0	1.851881	60	60	1600.0
6281.963259264	1006.45959744	1.0	1.538811	60	60	1400.0
4301.362910592	5730.426586368	1.0	0.953485	60	60	1900.0
-846.053062272	6675.586270848001	1.0	1.593123	60	60	1800.0
-4466.422059264	8027.675023104	1.0	0.526132	60	60	2700.0
4890.178427904	3152.0209248	1.0	1.066824	60	60	1500.0
3411.1558863360005	-1155.988576512	1.0	1.506015	60	60	1200.0
-6684.2075266560005	-6688.926123264	1.0	59.529247	60	60	1900.0
-549.407510784	1160.475427584	1.0	2.102852	60	60	1200.0
-1518.354908928	4457.5079028479995	1.0	1.379009	60	60	1500.0
1363.696950528	5967.289836288	1.0	1.812151	60	60	1600.0
7356.282455808	-7429.369204224	1.0	0.879494	60	60	2300.0
6248.467982592	515.363447808	1.0	32.526581	60	60	1300.0
-216.01580774400003	-6428.378157696	1.0	1.043185	60	60	1700.0
-1477.79622144	895.2297868800001	1.0	3.746683	60	60	1200.0
8043.794212608	5091.929010432001	1.0	1.577812	60	60	2300.0
7063.397941248	-7011.137713536	1.0	0.894255	60	60	2500.0
6504.3021795839995	1104.626362752	1.0	0.754789	60	60	2000.0
666.329571072	-3094.697700864	1.0	0.961569	60	60	1200.0
4801.468167936	7442.863553664	1.0	0.239813	60	60	1700.0
1152.946916352	3527.8445917440004	1.0	23.092398	60	60	1200.0
191.666433024	19.719292032	1.0	1.736164	60	60	1200.0
-2714.556163968	-7490.698085376001	1.0	57.39517	60	60	2000.0
-7429.090787712	6845.162848128	1.0	2.144854	60	60	3100.0
4902.71360832	-5916.444221952001	1.0	1.41309	60	60	2300.0
6124.250765952	3795.861522816	1.0	1.561917	60	60	1500.0
5231.581445376	4615.580889216	1.0	0.655278	60	60	1400.0
-6140.072226816	-7927.132866047999	1.0	1.675797	60	60	2300.0
6124.601602944001	-7703.23771008	1.0	0.227405	60	60	2100.0
-3673.590003072	1718.204856192	1.0	2.22126	60	60	1200.0
2685.885700608	494.73648576	1.0	6.031632	60	60	1200.0
3663.847034496	5798.598398208001	1.0	2.084908	60	60	1500.0
-5478.2584750080005	1927.075176576	1.0	1.475326	60	60	1500.0
4457.610900864	-1514.003242752	1.0	0.544453	60	60	1300.0
3524.7272924160006	-6881.580693504001	1.0	0.977038	60	60	1800.0
6020.6766048	276.119978112	1.0	1.754119	60	60	1900.0
-3328.931282688	6444.532752768	1.0	0.318609	60	60	2200.0
7960.935527424001	-4357.3391136	1.0	2.230543	60	60	1900.0
-417.027701376	-2226.155665536	1.0	0.605904	60	60	1200.0
-7604.415941759999	-3705.340750848	1.0	2.067407	60	60	1700.0
2303.4701606400004	2617.258444416	1.0	0.248146	60	60	1200.0
6363.9689921280005	7633.82670336	1.0	26.451893	60	60	2200.0
-5421.987762048	-7904.677689216	1.0	0.508704	60	60	1800.0
1324.237444992	1413.557646336	1.0	0.860396	60	60	1200.0
-2444.506631424	-4457.6302129919995	1.0	1.035849	60	60	1200.0
927.183312	-5583.639929472	1.0	55.207147	60	60	1700.0
-4150.9825885440005	743.240120832	1.0	1.889709	60	60	1200.0
-337.85924198400005	5445.8591616	1.0	38.862382	60	60	1500.0
-6487.912620288	-7030.263157632	1.0	0.917815	60	60	2500.0
-2350.47909888	-1383.231168	1.0	1.85659	60	60	1200.0
6895.031590656	2529.055127808	1.0	41.458941	60	60	1900.0
1814.361550848	1942.787202048	1.0	2.032812	60	60	1200.0
3133.590717312	1588.395169152	1.0	15.928583	60	60	1200.0
-5539.135130496	6875.457139584001	1.0	2.17945	60	60	2400.0
444.907976832	-7747.810101504	1.0	2.19915	60	60	1900.0
6592.500668160001	-2985.30093312	1.0	10.509892	60	60	1600.0
173.123571456	806.9411750400001	1.0	1.007257	60	60	1200.0
6026.513695488001	4193.639860608	1.0	57.944307	60	60	2300.0
4844.2525781760005	7179.780871296	1.0	1.115828	60	60	2600.0
-3845.587033728	1587.165630336	1.0	2.070576	60	60	1200.0
1168.835969664	2530.229948928	1.0	2.119697	60	60	1200.0
-5788.445046912	-1906.496494848	1.0	1.60333	60	60	1500.0
-2344.10609664	-1258.622880768	1.0	1.434541	60	60	1200.0
-6506.107863552001	2015.521504128	1.0	2.200243	60	60	1800.0
-5171.683271039999	7158.7354798080005	1.0	0.616998	60	60	2700.0
3169.947407616	-6184.474027776	1.0	1.818488	60	60	2000.0
4732.103832192	7465.222169856001	1.0	1.531081	60	60	2600.0
-5944.282654464	-2983.147630848	1.0	0.739611	60	60	1300.0
-2604.8182152960003	-603.47181312	1.0	0.844942	60	60	1200.0
-7049.23249536	-7464.626712576	1.0	2.194521	60	60	2100.0
938.072133504	1053.7984512	1.0	1.759965	60	60	1200.0
-1905.287877504	2786.014256256	1.0	0.716418	60	60	1200.0
7079.895326592001	2020.261022208	1.0	1.148155	60	60	2300.0
7814.82962304	-2580.018224256	1.0	48.04922	60	60	2500.0
-3288.2840812800005	6565.10158656	1.0	40.710359	60	60	1800.0
2475.241883136	-5887.915380864	1.0	1.455225	60	60	1800.0
1014.496661376	-4581.894100608	1.0	36.995608	60	60	1200.0
-1603.323444096	-2104.3041845760004	1.0	1.073215	60	60	1200.0
6488.269894656	4445.012956032	1.0	1.832359	60	60	2000.0
-6905.844772992	1618.071472512	1.0	1.722595	60	60	1700.0
-2950.374949632	6311.938900608	1.0	0.87194	60	60	1800.0
-6665.341186944001	-6805.957618944	1.0	0.257944	60	60	1800.0
-1857.677044608	2673.511454592	1.0	50.813279	60	60	1200.0
7267.528743552	2269.181477376	1.0	32.002414	60	60	2200.0
3254.473373184	-6853.7937600000005	1.0	0.351355	60	60	2100.0
6225.232273920001	-3411.3763664639996	1.0	2.241855	60	60	2200.0
-1871.15208192	-2562.368548608	1.0	1.142636	60	60	1200.0
-1393.47464256	4374.5188608	1.0	1.176877	60	60	1200.0
5246.899181568	5952.4693873920005	1.0	1.349783	60	60	2100.0
5961.96773568	6745.922650368001	1.0	1.280189	60	60	1800.0
-3112.542107136	-7481.111223168	1.0	2.077326	60	60	1800.0
4855.060932480001	-6968.927839104	1.0	45.502158	60	60	1700.0
-7720.91635392	7201.3541276159995	1.0	2.095897	60	60	2700.0
-1817.811984384	-422.631437184	1.0	0.58268	60	60	1200.0
2021.426187264	-7626.53637504	1.0	21.686508	60	60	2200.0
6994.785169152001	-6680.628345600001	1.0	0.807685	60	60	2800.0
-2521.5266165760004	-4906.703172096	1.0	1.7244	60	60	1200.0
4011.84514368	-3808.118286720001	1.0	0.800823	60	60	1200.0
-7574.100728832001	-3966.146211456	1.0	2.088938	60	60	1700.0
4796.342407296001	7274.358799488	1.0	1.441296	60	60	2300.0
7696.444669056	-643.7086318080001	1.0	0.851189	60	60	1900.0
-1048.667862528	-7976.821362048	1.0	0.941161	60	60	2500.0
4879.378120320001	-1404.495430272	1.0	1.99705	60	60	1500.0
-7129.268391168001	5767.209752832	1.0	1.510448	60	60	2900.0
-6672.692670336	4855.97825856	1.0	27.980582	60	60	1600.0
-1051.189704576	1542.24240192	1.0	0.986622	60	60	1200.0
4370.426299008001	-776.49238656	1.0	11.502616	60	60	1200.0
-1116.607928832	4894.309613952	1.0	1.55355	60	60	1300.0
5722.741968768	-3083.976251136	1.0	1.261294	60	60	1800.0
-1162.672182144	-5140.264048128	1.0	0.72084	60	60	1300.0
3711.642941952	-2639.924445312	1.0	0.687661	60	60	1200.0
-1873.9072788480005	7002.276665472	1.0	0.280599	60	60	2100.0
-2853.29449152	5032.833898752	1.0	1.856864	60	60	1700.0
6996.183689088	3416.0128865280003	1.0	17.940089	60	60	1600.0
4492.596430080001	-5469.534221184	1.0	11.930058	60	60	1400.0
3323.766897792	6973.886227968	1.0	1.822412	60	60	1900.0
644.84804736	6226.273519488001	1.0	1.489771	60	60	1700.0
-3544.9776679680003	-2191.891122432	1.0	1.706136	60	60	1200.0
6678.339858431999	-4370.395721472	1.0	42.661497	60	60	2500.0
2019.3195559680005	-7338.891884544	1.0	27.962415	60	60	2400.0
3308.790342528	-2909.048605056	1.0	0.57853	60	60	1200.0
-6873.007718016001	452.792153088	1.0	1.278509	60	60	1400.0
2724.6757190400003	-4521.075381504	1.0	0.726684	60	60	1600.0
4250.14875648	-6405.208432128	1.0	58.553315	60	60	1900.0
6798.224721024	-1322.595914112	1.0	2.169037	60	60	1600.0
-3769.677495936001	-5126.035837824	1.0	0.850486	60	60	2000.0
7035.591695616	12.791066112	1.0	1.955587	60	60	1800.0
-3866.138356608	-3726.656512128001	1.0	0.487076	60	60	1200.0
-6778.65348864	6654.33166464	1.0	37.697729	60	60	2200.0
-576.779233536	846.6597849599999	1.0	1.822607	60	60	1200.0
3740.141205504	254.226462336	1.0	0.665116	60	60	1200.0
-716.2079696640001	-2084.7876698880004	1.0	0.316358	60	60	1200.0
3490.708978944	-2324.2596664320004	1.0	0.555466	60	60	1200.0
6606.088359552001	-6664.653997056001	1.0	1.730267	60	60	2500.0
6469.0157030400005	4995.641958912	1.0	1.182713	60	60	1800.0
-2038.977692928	-7344.299280384001	1.0	0.986216	60	60	1900.0
-2504.406415104	2159.226267264	1.0	1.047621	60	60	1200.0
-6780.863117952001	6567.354668160001	1.0	0.963015	60	60	1900.0
-3939.740095104	-2125.75030272	1.0	47.066066	60	60	1200.0
-4193.393630976	3868.27556544	1.0	0.688469	60	60	1800.0
-5653.808937216	-6619.000126464	1.0	0.766819	60	60	1800.0
7691.489498880001	4110.626678400001	1.0	0.893159	60	60	2600.0
-3271.53081024	2598.3373870080004	1.0	33.179614	60	60	1200.0
-4183.958047104001	6238.2840537600005	1.0	2.151098	60	60	2400.0
-2211.17428224	-7649.096159232	1.0	42.335968	60	60	1800.0
-4539.256140672	-5694.322563072001	1.0	0.290001	60	60	2100.0
-730.967263488	4518.069126912001	1.0	2.078753	60	60	1200.0
-4027.771211904	6503.700284928	1.0	1.243378	60	60	1600.0
7797.580674048	6908.297413248	1.0	1.782276	60	60	3300.0
1406.297895552	6020.889038208001	1.0	0.262555	60	60	1700.0
-7738.833180672001	1187.654029056	1.0	2.193816	60	60	1800.0
1364.720493312	-2733.276053376	1.0	11.958428	60	60	1200.0
-5334.28334208	3455.5866554880004	1.0	1.663901	60	60	1300.0
5636.1351214080005	1077.9868915200002	1.0	1.535758	60	60	1300.0
-7943.337350784001	-6725.916895104	1.0	0.204224	60	60	3100.0
-3281.3333245440003	2770.455118464	1.0	2.045279	60	60	1200.0
1240.37774784	-563.9946048	1.0	0.788768	60	60	1200.0
-2095.8889248	-7697.891469312	1.0	49.582596	60	60	2400.0
3076.930543104	3736.557196416	1.0	4.352191	60	60	1300.0
-3670.78491648	-7725.453094656	1.0	1.599818	60	60	2000.0
-5693.976554112	7558.045913088001	1.0	1.904751	60	60	3000.0
2239.785199872	-224.884902528	1.0	0.625095	60	60	1200.0
7877.613351168001	-829.0229840640001	1.0	0.409668	60	60	1700.0
-5770.9450402560005	7098.982146432	1.0	0.687884	60	60	2300.0
2878.306915968	6666.20862336	1.0	2.037693	60	60	2300.0
-1631.631805056	3525.5142616320004	1.0	1.75626	60	60	1200.0
5671.5600015360005	7649.257093632	1.0	1.906287	60	60	2300.0
-5235.2877646080005	7591.933869696	1.0	0.603732	60	60	2400.0
-7997.766974208	5528.864297088	1.0	1.187709	60	60	2900.0
-5891.090616576	7049.9615281920005	1.0	1.297778	60	60	2600.0
7164.258748416	2927.1762558719997	1.0	1.434231	60	60	1500.0
-1011.482360064	4882.377937536	1.0	35.123852	60	60	1200.0
-4616.750882304	-5162.979938688	1.0	0.567531	60	60	1800.0
-7634.629766016001	-5081.260669056001	1.0	0.696458	60	60	2700.0
-2804.026034304	4315.518700416	1.0	1.304216	60	60	1600.0
2521.040594688	5385.2560945919995	1.0	1.523036	60	60	1300.0
3460.0928186880005	-3603.654350208	1.0	1.250941	60	60	1600.0
4470.372998784	4240.454068224	1.0	1.081838	60	60	1800.0
7850.47659264	-6308.734696704	1.0	1.506755	60	60	3100.0
968.641622784	91.825949952	1.0	1.199947	60	60	1200.0
-5095.550034432	799.0376866560001	1.0	1.686651	60	60	1300.0
5435.70420096	-2332.56710016	1.0	2.076596	60	60	1200.0
-5842.773281664	-5887.773758592	1.0	1.185454	60	60	2300.0
-4085.659315584001	-7321.13116416	1.0	46.473992	60	60	2500.0
2916.717129216	-3830.565416832	1.0	0.370317	60	60	1500.0
3306.84786432	1083.680750592	1.0	1.339251	60	60	1200.0
127.115645184	1427.372255232	1.0	3.453172	60	60	1200.0
-6847.876202112001	-4739.304037248	1.0	1.133181	60	60	2500.0
352.85671872	6504.717390336001	1.0	1.655209	60	60	1700.0
-5757.5311580160005	-123.401279232	1.0	30.797457	60	60	1300.0
7488.902057472	-4083.40462464	1.0	42.379741	60	60	2700.0
-1583.187331968	-4225.08322368	1.0	1.542883	60	60	1300.0
7365.63757248	-2562.103006848	1.0	1.403146	60	60	1900.0
-6979.248562176001	-3159.121350528	1.0	0.749991	60	60	2000.0
-6254.420946048001	-8044.891785216	1.0	1.595675	60	60	2800.0
6567.026361984001	-1975.49390016	1.0	46.054902	60	60	1700.0
6426.403492608	-270.237825792	1.0	0.960781	60	60	1600.0
-4012.733501568	2870.5868928	1.0	0.874565	60	60	1200.0
4561.3395590400005	-4786.481956608	1.0	1.738095	60	60	1400.0
-392.636483712	529.20863424	1.0	2.17137	60	60	1200.0
-5533.5861123839995	6461.7028439040005	1.0	1.353173	60	60	1800.0
3555.311265792	-4879.119015936	1.0	34.558405	60	60	1200.0
-5467.1121584640005	1318.6176157440002	1.0	0.20627	60	60	1200.0
-5830.310521728001	7580.344983552	1.0	1.201178	60	60	2100.0
4721.898981888	-3799.179990144	1.0	1.963431	60	60	1800.0
-470.071679616	2293.7754723840003	1.0	0.647817	60	60	1200.0
-3194.5076064	-3036.919032576	1.0	1.730354	60	60	1300.0
-3336.908800896	-2150.284752	1.0	55.793625	60	60	1200.0
7075.1590272	3472.640873856	1.0	1.604575	60	60	2300.0
-3126.532134528	-929.560313088	1.0	1.331201	60	60	1200.0
591.757398144	-6883.289816832001	1.0	0.669689	60	60	1700.0
-3867.36628608	-2704.288549248	1.0	1.02231	60	60	1300.0
2883.0013724160003	-4298.0814581760005	1.0	1.476311	60	60	1300.0
209.160002304	-7906.129317504	1.0	2.038942	60	60	2200.0
1867.429669248	7037.706373632	1.0	2.075437	60	60	2300.0
-6752.234497536	2378.832521472	1.0	1.238725	60	60	1400.0
7030.3774210560005	3299.724907776	1.0	1.816943	60	60	1700.0
6066.346568832	-891.565310592	1.0	1.958521	60	60	1500.0
-1849.406625792	-2884.219645824	1.0	1.42836	60	60	1200.0
7960.407662592	-4486.466438784	1.0	1.266825	60	60	2500.0
2372.4659566080004	2423.168339328	1.0	0.769628	60	60	1200.0
-7401.648253824001	6197.8299736320005	1.0	0.279802	60	60	3000.0
-8.085344256	5925.405049344	1.0	16.16491	60	60	1800.0
8041.623207551999	4154.635799424	1.0	33.80473	60	60	2100.0
3663.2290464	-3298.93793856	1.0	35.62923	60	60	1400.0
-1572.90040512	2354.756735232	1.0	1.43296	60	60	1200.0
5876.5196160000005	-4892.674520448	1.0	2.138983	60	60	2000.0
-4413.421533312	974.427214464	1.0	1.494144	60	60	1200.0
3316.1434352640003	-8006.677911936001	1.0	1.323389	60	60	2200.0
6452.354164607999	-1608.256083456	1.0	2.191117	60	60	1400.0
-242.095227264	1055.784381696	1.0	1.35005	60	60	1200.0
-5666.1783552	-588.918515328	1.0	2.222565	60	60	1400.0
-2865.240652032	-4758.603290496	1.0	0.663072	60	60	1500.0
-752.944465152	1078.458429312	1.0	0.436226	60	60	1200.0
6745.830917760001	2709.22601664	1.0	0.838655	60	60	1900.0
6517.954244736	8025.891869952001	1.0	43.215279	60	60	2400.0
1914.309859968	1244.745507456	1.0	1.187728	60	60	1200.0
-4862.840501376	3059.723437056	1.0	0.922769	60	60	1300.0
-2945.384373888	-92.720745216	1.0	48.041017	60	60	1200.0
-1321.23923712	-606.532785408	1.0	35.165223	60	60	1200.0
-3492.331197696	944.944032384	1.0	0.649364	60	60	1200.0
339.240059136	4325.05567296	1.0	1.736433	60	60	1300.0
-5268.64624704	4852.737039744	1.0	14.46559	60	60	2000.0
1208.945650176	-5475.662603136	1.0	0.299001	60	60	1200.0
7471.208929536001	-2530.402148736	1.0	2.208328	60	60	2000.0
-5043.7436417280005	-217.829538432	1.0	1.19622	60	60	1300.0
-1590.371443584	3059.694468864	1.0	1.263758	60	60	1200.0
289.763996544	-5082.128105472	1.0	1.833698	60	60	1400.0
-2677.142134656	2264.66083008	1.0	1.717679	60	60	1200.0
-1589.687472384	601.056187776	1.0	24.76967	60	60	1200.0
-665.16601536	4226.324027904	1.0	2.228797	60	60	1200.0
1242.444145536	5661.557928576	1.0	1.012708	60	60	1600.0
-4129.653952512	5003.37807552	1.0	1.166801	60	60	2100.0
220.082620032	6642.823245696001	1.0	1.219728	60	60	1500.0
1572.6284259840002	-729.184110336	1.0	0.88915	60	60	1200.0
-3804.886723968	-4319.138115072	1.0	1.569985	60	60	1200.0
6779.45816064	-1761.8921084160002	1.0	1.287365	60	60	1700.0
-6303.821369472	-2402.765076096	1.0	0.406964	60	60	1400.0
7684.516211328001	-2727.74956608	1.0	1.39245	60	60	2400.0
-7977.646955520001	2086.775209728	1.0	1.504585	60	60	2200.0
6624.563628672	3126.374418816	1.0	2.061109	60	60	1800.0
-4354.279750656	2816.240955264	1.0	1.099286	60	60	1400.0
1813.727469312	2969.539017984	1.0	32.966214	60	60	1200.0
2478.619896192	6028.65090432	1.0	45.337216	60	60	1900.0
-3475.970606592	-1403.483152896	1.0	0.675261	60	60	1200.0
-659.776322304	7134.746598144	1.0	1.033208	60	60	2200.0
-7018.508509056001	1900.487204352	1.0	2.072638	60	60	1800.0
-5160.837901824	-1596.20370624	1.0	0.318099	60	60	1600.0
1505.708683776	-5515.518007296	1.0	32.708038	60	60	1800.0
-1162.664135424	2720.470503168	1.0	29.500815	60	60	1200.0
629.6349185280001	-678.558976128	1.0	0.473713	60	60	1200.0
-3869.868816	-5291.81275392	1.0	1.309185	60	60	1600.0
-6417.00170496	8043.197145984	1.0	43.009198	60	60	2200.0
5419.512590976001	7182.482959872001	1.0	1.239187	60	60	1800.0
7205.425767936	-7041.638001024	1.0	19.466088	60	60	2900.0
4267.003416192	5473.24214976	1.0	0.99502	60	60	1700.0
6432.177818880001	2568.69809856	1.0	28.349057	60	60	1500.0
-67.09355135999999	-4361.235335424	1.0	1.897318	60	60	1200.0
7317.828790271999	4152.970128384	1.0	0.232666	60	60	2600.0
-717.263699328	6573.849980544	1.0	2.186964	60	60	1400.0
-2871.5814673920004	-7048.324825344001	1.0	1.651625	60	60	1500.0
-6718.7891105280005	-6767.474985216	1.0	0.687431	60	60	2400.0
4665.3321496319995	6774.929466624	1.0	38.558116	60	60	2200.0
964.114538112	5142.874404096	1.0	1.384583	60	60	1200.0
-3514.837873536	441.610430976	1.0	2.200388	60	60	1200.0
-6576.412056192001	-358.013056896	1.0	34.161349	60	60	1700.0
-540.4402460160001	126.656982144	1.0	1.349934	60	60	1200.0
-1501.929944064	3474.7249743360003	1.0	0.833667	60	60	1200.0
1858.49459136	1322.65545984	1.0	0.288079	60	60	1200.0
-6880.175736192	1077.545931264	1.0	1.247595	60	60	1400.0
-3311.606694528	-6004.570290048	1.0	0.293762	60	60	2100.0
3415.2613228800005	-397.142646912	1.0	57.795523	60	60	1200.0
-290.356235136	-413.372881152	1.0	0.789625	60	60	1200.0
-5283.877078656	-7097.10243264	1.0	1.9702	60	60	2600.0
-6844.647858048	-3432.878811648	1.0	0.850558	60	60	2300.0
7547.894171136001	6562.99334592	1.0	2.126999	60	60	3100.0
-4223.491582464	-6496.276381056	1.0	0.52615	60	60	2100.0
1087.448224896	6626.53829376	1.0	0.665453	60	60	1700.0
-3895.936970112	-1753.378678656	1.0	34.023139	60	60	1300.0
7092.27440064	-2572.6361633280003	1.0	0.981453	60	60	2100.0
7139.655097344001	4314.532172544	1.0	2.093825	60	60	2400.0
-7770.839814144	1815.196800384	1.0	48.673511	60	60	1900.0
-4566.82742208	-3858.600189312	1.0	40.811445	60	60	1500.0
2187.330241536	3911.742337536	1.0	1.721615	60	60	1300.0
1719.461753856	-1739.622006144	1.0	2.133154	60	60	1200.0
6491.190854016001	-1834.5716928	1.0	56.944296	60	60	1800.0
-4560.176003328001	1182.685984128	1.0	0.281699	60	60	1300.0
7941.327280128	-1978.015742208	1.0	1.922753	60	60	2600.0
-2865.583442304	-1028.172866688	1.0	43.745862	60	60	1200.0
-7932.670618752	3472.2803808000003	1.0	1.209922	60	60	2000.0
1540.114849152	6226.41514176	1.0	0.589972	60	60	1600.0
-7272.17491968	-797.4363893760001	1.0	1.873532	60	60	2300.0
-3979.3846752	-8016.353288064	1.0	1.3153	60	60	2300.0
-874.359813888	5576.817920256	1.0	1.627658	60	60	1500.0
-6880.431621888	-4655.368700928	1.0	0.911114	60	60	1600.0
-4837.456318464	4008.917746944001	1.0	0.821976	60	60	1600.0
3512.903442048	5666.152605696	1.0	1.798689	60	60	2100.0
7446.865992192	-4414.596354432	1.0	44.344135	60	60	2300.0
-822.5115782400001	-7234.53236352	1.0	1.35186	60	60	2200.0
6.990990335999999	3156.837691392	1.0	1.7335	60	60	1200.0
-2719.6368629760004	1066.56859584	1.0	0.290038	60	60	1200.0
5503.18399488	7116.05245824	1.0	0.245757	60	60	2300.0
2116.2358609919997	-1957.71869568	1.0	1.988643	60	60	1200.0
6523.488778752	6975.246123647999	1.0	0.746166	60	60	2800.0
-2640.738773376	1224.530537472	1.0	11.10979	60	60	1200.0
-5850.887594112	448.511298048	1.0	1.775707	60	60	1600.0
2839.272277248	3688.437810816	1.0	1.024876	60	60	1400.0
-3623.72769792	1412.4262775040002	1.0	2.048039	60	60	1200.0
4201.179637247999	4724.723380608	1.0	41.625186	60	60	1200.0
-3449.868656256	6724.254442752	1.0	1.504966	60	60	1600.0
2018.870548992	-1664.113195008	1.0	1.880745	60	60	1200.0
-47.765329920000006	-6269.751556992001	1.0	0.263954	60	60	1600.0
-6002.341348608	-1936.307983104	1.0	0.884392	60	60	1300.0
199.661654016	-1541.2156404480002	1.0	1.441178	60	60	1200.0
6093.277331328	4222.735190784	1.0	1.29324	60	60	2200.0
-2936.3784848640003	3676.404745728	1.0	2.121953	60	60	1200.0
3439.14398784	-7472.528591616001	1.0	0.800567	60	60	2000.0
2623.011849216	3033.497567232	1.0	1.195545	60	60	1200.0
-193.737658752	-3917.423321856	1.0	1.23659	60	60	1200.0
-2044.597522176	-6860.250448128001	1.0	1.481401	60	60	1600.0
-63.276187392	5389.985956608	1.0	41.200847	60	60	1700.0
-5842.98893376	-22.004560512	1.0	0.582665	60	60	1700.0
-6897.2911096319995	7081.778259072001	1.0	3.652759	60	60	2700.0
7035.619054463999	6959.421444096	1.0	1.849652	60	60	2500.0
1913.062618368	-1054.63531008	1.0	2.079037	60	60	1200.0
1297.2841516800002	930.513044736	1.0	0.527551	60	60	1200.0
-1570.5926058240002	-5819.086956672	1.0	0.343249	60	60	1500.0
7391.560885632	-7715.364117120001	1.0	0.837883	60	60	3400.0
4409.943740928	259.316817408	1.0	2.2547	60	60	1300.0
-1089.4502488320002	4429.786952448	1.0	2.263108	60	60	1200.0
7441.55032896	-6203.995370496	1.0	0.845646	60	60	2400.0
-3961.908808704	4202.21444544	1.0	1.672185	60	60	1500.0
3039.923677824	-2982.9850871040003	1.0	0.699166	60	60	1200.0
7793.898494976	-5336.200070784001	1.0	28.33945	60	60	2900.0
-5665.970749824	-7500.8305152	1.0	1.905838	60	60	2400.0
-3260.7997044480003	-6588.226250496001	1.0	1.262995	60	60	2200.0
4319.791508736001	3494.040321024	1.0	0.860235	60	60	1700.0
3768.70545216	5861.3837356799995	1.0	0.531204	60	60	1900.0
-2035.384027776	7362.142077312	1.0	0.686175	60	60	1900.0
-6335.235764352	-3285.0782680320003	1.0	1.978383	60	60	1700.0
-6288.001517952	288.267306624	1.0	39.081097	60	60	1700.0
5985.549453312	-4825.175414400001	1.0	1.850546	60	60	1800.0
-2979.858131712	-6589.257840000001	1.0	0.501282	60	60	1500.0
2115.27347328	1028.2597712640002	1.0	1.003612	60	60	1200.0
-4128.559598592	-7375.597802496	1.0	0.90096	60	60	2300.0
7769.000333952001	4605.651236736	1.0	32.898362	60	60	2300.0
-6411.035866752	2866.497549696	1.0	0.927173	60	60	2200.0
5718.6429696	3233.24451648	1.0	19.687405	60	60	1800.0
-2567.576385792	1279.21121856	1.0	2.147998	60	60	1200.0
-4725.2319333119995	-7219.05852096	1.0	1.489804	60	60	2400.0
-5768.588960640001	1653.2613884159998	1.0	0.936507	60	60	1800.0
7397.602363008001	7956.297398016	1.0	17.734383	60	60	2900.0
-277.682651136	3440.706660864	1.0	0.802427	60	60	1200.0
-5252.420840832	-820.5143823359999	1.0	0.94741	60	60	1200.0
107.006891904	3256.518849408	1.0	45.096064	60	60	1200.0
-1605.211204608	929.9594304	1.0	34.921439	60	60	1200.0
3291.7039372800004	3002.178123648	1.0	1.525159	60	60	1200.0
-1596.512700288	6590.558189951999	1.0	2.013197	60	60	1800.0
4261.097123712	-492.2935015679999	1.0	2.247701	60	60	1400.0
-5543.6235909120005	3272.58493056	1.0	1.559914	60	60	2000.0
3626.867528064	-5309.8663749120005	1.0	1.853652	60	60	1900.0
-1535.34636288	369.36858816	1.0	1.060912	60	60	1200.0
-3485.552640768	5486.992384896	1.0	0.957602	60	60	1400.0
-3439.98084672	-2213.095838976	1.0	2.262796	60	60	1200.0
-3958.498608768	7955.25293376	1.0	41.688896	60	60	2800.0
750.977846784	7922.401394688	1.0	1.694636	60	60	2000.0
4673.053782144	-7748.951126399999	1.0	1.740794	60	60	1800.0
-3777.960789504	3736.753536384	1.0	0.366896	60	60	1500.0
-6229.109183616	-3612.525054336	1.0	43.122854	60	60	2300.0
-6291.9057864960005	6028.089243264	1.0	42.410595	60	60	2700.0
3347.8861363200003	-4861.915128576	1.0	20.225156	60	60	1800.0
1835.477753472	3891.786471936	1.0	12.296989	60	60	1200.0
7098.3094406400005	4049.687258496	1.0	0.969844	60	60	2000.0
-1049.583579264	254.96193254400004	1.0	1.785788	60	60	1200.0
853.3176410880001	5309.518756608	1.0	1.224302	60	60	1300.0
-2255.024078208	4661.085090816	1.0	1.093212	60	60	1500.0
-5986.289751552	5890.458144384	1.0	0.819877	60	60	2100.0
-1038.046192128	7934.06592	1.0	1.405014	60	60	1900.0
6080.1595683840005	1706.105808	1.0	1.519709	60	60	1500.0
3527.8639038720003	5291.955985536	1.0	1.949914	60	60	1700.0
3650.510400768	-763.982955648	1.0	0.736483	60	60	1200.0
-6283.197626112	-3054.4399607040004	1.0	0.895221	60	60	1600.0
3190.189736448	6071.132757888	1.0	9.356433	60	60	1700.0
-6837.97390848	2209.230194688	1.0	2.132551	60	60	1600.0
-3927.383551872	899.4301747200001	1.0	28.924024	60	60	1200.0
-2555.795987712	1992.813660288	1.0	2.148953	60	60	1200.0
5839.2230688	-6269.910882048	1.0	2.252842	60	60	1700.0
7433.036899199999	7048.2218273280005	1.0	0.273651	60	60	3100.0
-2123.67424896	-1651.866087168	1.0	0.84091	60	60	1200.0
-5664.467622528	2470.1660121600003	1.0	8.194921	60	60	1900.0
-5353.086917376	-5834.786107392	1.0	0.604295	60	60	2300.0
8020.119153024	-6359.739636096	1.0	51.129958	60	60	2500.0
6100.084856448	-6184.406435328	1.0	1.042312	60	60	2000.0
1391.710801536	-6186.934714752	1.0	57.267453	60	60	1300.0
6148.030432896	-4590.310969728001	1.0	0.596516	60	60	2000.0
2809.201684608	-1911.285902592	1.0	45.13774	60	60	1200.0
-2669.512234752	3067.464381696	1.0	0.950917	60	60	1200.0
-737.683056	1448.266368384	1.0	21.657597	60	60	1200.0
4995.239622912	1290.46857984	1.0	1.295207	60	60	1300.0
-4108.26094272	-4633.858209024	1.0	1.621876	60	60	1800.0
