trucks_count 10
drones_count 10
customers 500
depot 0 0
Coordinate X         Coordinate Y         Dronable Demand
X	Y	Dronable	Demand	Drone_service	Truck_service	Lw
328.920945408	2715.442912512	1.0	1.080952	60	60	1200.0
8918.858919168	10964.529873792	1.0	1.687738	60	60	2800.0
-2510.0294630400003	4807.648048896001	1.0	0.561271	60	60	1200.0
15415.79352192	967.270461696	1.0	33.170481	60	60	3800.0
-14812.284693888	5353.8449184	1.0	2.166452	60	60	4900.0
-5628.122197632	-7937.955704448001	1.0	0.658548	60	60	1900.0
4529.160725760001	-6478.11654336	1.0	6.742056	60	60	1600.0
4267.429892352	-13658.753585664	1.0	0.539201	60	60	4500.0
2079.890436096	14103.836980992002	1.0	1.438062	60	60	3700.0
8351.90794944	-5903.382786048	1.0	18.584779	60	60	2200.0
-12507.824786688	-12443.111455104	1.0	1.271905	60	60	4900.0
13005.76869504	13947.199529472	1.0	0.592497	60	60	3800.0
-13563.168208128	12915.989830656	1.0	8.253894	60	60	5500.0
-9111.65511168	-12267.915048576	1.0	0.667393	60	60	3900.0
16083.819341568	-4475.60175744	1.0	0.222155	60	60	5200.0
4763.24785728	-15599.643371136	1.0	3.680198	60	60	4600.0
-8520.568809984	-12778.596914688	1.0	0.641556	60	60	4400.0
15665.146890624	223.61513011199995	1.0	1.676453	60	60	4800.0
13012.50379968	-2910.422984832	1.0	38.222069	60	60	3400.0
9881.8147296	52.306898688	1.0	0.667928	60	60	2800.0
2356.253425152	-5611.42847232	1.0	1.67329	60	60	1900.0
-13516.276752	-2982.845074176	1.0	44.284212	60	60	3800.0
835.2897696	12488.491737216	1.0	0.992256	60	60	3500.0
9329.243248512	-8717.11638336	1.0	33.873883	60	60	2900.0
-13938.372277632	5931.662178816	1.0	1.919277	60	60	4000.0
-4382.433614592	8137.586780928	1.0	1.24458	60	60	2300.0
12722.81383296	-5022.21544704	1.0	0.70694	60	60	3100.0
4947.79938048	4784.438089728	1.0	2.094614	60	60	2100.0
14124.138855552	-6741.068868864	1.0	2.057054	60	60	4100.0
-9800.298237312	-348.461600256	1.0	2.018134	60	60	2600.0
-8400.312188928001	-11495.122543872	1.0	1.574713	60	60	4300.0
15833.736940032	234.75500928	1.0	1.043705	60	60	3700.0
-11460.655223424	-8403.003012096	1.0	2.141298	60	60	4000.0
-12427.042155264	-4504.869287424	1.0	29.618871	60	60	3600.0
7324.573550976001	-9945.478768896	1.0	2.003101	60	60	3600.0
15281.709417216	-1032.74823168	1.0	1.292995	60	60	3800.0
-1281.984118272	5001.314896512001	1.0	1.999813	60	60	1200.0
3946.496121216	9351.593817984	1.0	0.447217	60	60	2600.0
-15531.880332672	-1625.569406208	1.0	2.981219	60	60	4300.0
2249.64565056	14775.429106944	1.0	1.268201	60	60	4800.0
7240.548091392001	-4254.057853056001	1.0	25.554636	60	60	2100.0
3287.242835712	-3993.083411328	1.0	1.757072	60	60	1300.0
6399.150861312	-5305.4889592320005	1.0	1.957957	60	60	2400.0
6491.586752640001	-6479.569780992	1.0	2.191807	60	60	2000.0
-2347.762526208	12982.990040064002	1.0	0.397604	60	60	2800.0
3313.467096192	-13880.376347904004	1.0	1.735629	60	60	3400.0
-11013.946390656	-13842.551935872	1.0	2.179841	60	60	3600.0
13134.953956608002	-15774.461581824	1.0	2.106299	60	60	5900.0
-12918.67904448	-12964.899404160002	1.0	0.454535	60	60	4800.0
-7666.621915392	930.340844928	1.0	1.120943	60	60	2000.0
-4202.602297344	-1274.556995712	1.0	0.636506	60	60	1200.0
-454.541510016	3895.317372672	1.0	1.099238	60	60	1200.0
7083.416571264	-15355.406107008	1.0	1.732065	60	60	4300.0
14415.222514176	3383.9724568320003	1.0	0.225074	60	60	3400.0
15533.89523136	-6860.4033358080005	1.0	1.765456	60	60	3600.0
-4616.836177536	-7193.2140656639995	1.0	2.012287	60	60	1700.0
9176.537424384	14739.030573696002	1.0	0.99651	60	60	4700.0
12695.56763904	5244.852096	1.0	0.518334	60	60	3400.0
7348.116644352001	12839.478398208	1.0	1.964323	60	60	4600.0
14055.70472064	7211.283780096	1.0	2.268153	60	60	4800.0
-8781.123212928002	-8547.158391552	1.0	1.004121	60	60	3000.0
-6538.286696832	-6495.997964544	1.0	1.552773	60	60	2700.0
-14405.629214592	5568.005152512001	1.0	1.292073	60	60	3400.0
10569.416609664	-13980.788148096	1.0	2.141026	60	60	3500.0
-13177.400404608	11276.388554112	1.0	2.04039	60	60	5200.0
11400.243668352	9461.161176192	1.0	0.277573	60	60	3800.0
-15260.713915392002	7977.207604608001	1.0	1.649562	60	60	3300.0
-11429.733287808	8060.65691904	1.0	0.407272	60	60	3900.0
9932.052011904	11566.683634176	1.0	2.206313	60	60	4600.0
-11935.04799168	1267.923279744	1.0	2.232889	60	60	3000.0
-5902.0293277440005	-808.696969344	1.0	9.049101	60	60	1600.0
-6959.011061376001	7558.298580096	1.0	0.283131	60	60	2800.0
-5820.38569728	10899.850338432	1.0	15.186006	60	60	2900.0
-1640.2755916800002	-12218.184709632	1.0	0.378468	60	60	2900.0
613.85208192	-15360.840861696	1.0	1.076833	60	60	3900.0
-7623.499542912	-3778.049303424	1.0	1.479222	60	60	1700.0
-2032.607909376	-5882.689840896	1.0	1.417115	60	60	1400.0
-15324.070569984	-14690.967515136	1.0	0.329938	60	60	6300.0
-14382.414427392	10089.859456512	1.0	1.58326	60	60	5100.0
-5535.385358976	14534.354203776	1.0	0.908191	60	60	3400.0
340.007716224	-11517.759576576	1.0	1.260361	60	60	2800.0
-11692.804704768	-5630.35435776	1.0	1.820124	60	60	3600.0
-9382.237337088	6734.676554496	1.0	1.592216	60	60	2600.0
-6137.286452352	5860.8687456	1.0	0.70361	60	60	2100.0
2350.013998464	4525.37072064	1.0	1.093971	60	60	1300.0
-8225.032096512	-7897.833149184	1.0	1.377092	60	60	2600.0
-15423.613324416	-12845.754839808002	1.0	0.246177	60	60	4800.0
5819.930252928	2769.5764166400004	1.0	2.038553	60	60	1700.0
-5339.2401216	-3346.973638272	1.0	0.934338	60	60	1900.0
14706.259501824	11029.597261056	1.0	0.888631	60	60	3800.0
1038.279547008	12529.96614144	1.0	1.349757	60	60	2900.0
-3637.082034432	8881.724915712	1.0	1.347014	60	60	2000.0
-9477.29806848	15458.156284032	1.0	2.142722	60	60	5100.0
-3482.6863991040004	14715.93809664	1.0	0.644906	60	60	3300.0
9742.777064064	-12173.602662144	1.0	49.98922	60	60	4900.0
9556.979908608	3317.926588416	1.0	2.223853	60	60	2500.0
7906.954910975999	10499.872027392	1.0	0.232863	60	60	3600.0
-1282.14827136	7081.578700416	1.0	15.510369	60	60	2000.0
-2567.6278848	-6806.445250176	1.0	48.611053	60	60	1800.0
1695.345734016	-6737.711777279999	1.0	1.572667	60	60	2000.0
-14855.561563392	9086.821324416002	1.0	1.926135	60	60	4500.0
-14814.611805312	-8484.18797952	1.0	33.292428	60	60	5500.0
-4421.613094272	-11042.896879872	1.0	14.109405	60	60	2400.0
6779.089620864	14475.297716352	1.0	2.154735	60	60	3100.0
6498.8931744	9125.456845824	1.0	0.591564	60	60	2200.0
-14266.443489408002	-1193.82747264	1.0	0.461348	60	60	4400.0
-14527.155608064002	-7439.604632064	1.0	10.174184	60	60	3600.0
12447.606352896	5394.181516416001	1.0	0.770604	60	60	2700.0
13736.505822336	8548.367008895999	1.0	1.7497	60	60	5000.0
6566.722195968	-12214.238598144	1.0	0.218848	60	60	2700.0
7548.24983616	3362.4523088640003	1.0	0.889241	60	60	2200.0
1343.1295342080002	-9158.958559872	1.0	1.161741	60	60	2500.0
13769.341267968002	-4022.484516864	1.0	0.645307	60	60	3800.0
-6759.627823872	-7535.611657728001	1.0	2.203123	60	60	2200.0
-1070.627361408	-15057.640452096	1.0	1.120341	60	60	3900.0
15969.116566656	1446.190314624	1.0	0.562097	60	60	3600.0
4616.4563723520005	10831.89096	1.0	1.61101	60	60	2600.0
-558.033594624	12626.938773504	1.0	42.338567	60	60	3600.0
-4953.425647104001	722.0643724800001	1.0	7.801494	60	60	1200.0
-3942.548400384	-8675.698306176	1.0	1.181343	60	60	2900.0
-4687.533050112	-14197.767952896002	1.0	1.008405	60	60	4400.0
12788.415522432	7430.838535296	1.0	0.915778	60	60	4200.0
4772.485491840001	-1464.51913344	1.0	0.954828	60	60	1200.0
-4582.684288512	1445.821774848	1.0	0.545263	60	60	1200.0
-4702.007490048	-10910.312683776	1.0	0.589823	60	60	3200.0
1945.64861568	-3426.383499264	1.0	0.550878	60	60	1200.0
-15555.610109952	-13308.988416768	1.0	2.225672	60	60	4700.0
4285.8456157440005	3628.45916928	1.0	2.072473	60	60	1500.0
11902.630975488	14031.453515904	1.0	46.055276	60	60	5500.0
12806.116697088	-10647.659696256	1.0	0.453691	60	60	4200.0
-11900.247537024	-2687.364687744	1.0	0.401581	60	60	3300.0
-7885.557073152	-1737.8694305280003	1.0	0.917764	60	60	2100.0
-1514.0000240640002	-12848.450491008	1.0	5.774771	60	60	3900.0
10263.996914688	7643.672669952	1.0	0.455467	60	60	3300.0
3260.199419136	2802.421518336	1.0	41.181492	60	60	1400.0
11277.819260928	-4015.163611008	1.0	1.456953	60	60	2600.0
-15970.58267904	-10675.356506496	1.0	0.332354	60	60	5200.0
-11120.546118528	13712.370490368	1.0	1.7404	60	60	4700.0
1714.9298411520003	6574.5725760000005	1.0	1.019143	60	60	2000.0
-2272.07990592	-6644.0350817280005	1.0	2.169759	60	60	1600.0
-13599.336605184	-3583.827232128	1.0	0.761475	60	60	3700.0
714.0659328	-14145.020093952	1.0	1.756385	60	60	3600.0
1786.6631312640002	-8520.496389504	1.0	49.030435	60	60	1800.0
-3374.6334336000004	-11037.544201728	1.0	2.126424	60	60	2400.0
-15708.690911232	5510.0719872	1.0	0.823073	60	60	4400.0
-3950.74639872	-13568.590088064002	1.0	1.781864	60	60	2900.0
5440.334283648	-791.068215168	1.0	0.242654	60	60	1500.0
-12278.375784576	12047.172597504	1.0	1.436707	60	60	3500.0
3417.28909632	13182.733770624	1.0	24.698494	60	60	4100.0
-8595.190872576	-8422.199267328	1.0	0.567124	60	60	3800.0
7955.895062016	-11521.264727808	1.0	27.345328	60	60	3800.0
5189.065795584001	7067.445441408	1.0	0.308942	60	60	2200.0
1056.070844928	-15184.843001856	1.0	1.858343	60	60	4500.0
-8291.689515648	2442.9230369280003	1.0	14.763675	60	60	1900.0
-13928.375032704	-6374.107859328	1.0	1.579497	60	60	3600.0
8745.450493824	-4626.125311104	1.0	0.732673	60	60	2100.0
-5816.014718976	-12763.726576128	1.0	1.637753	60	60	4300.0
15151.774201344	-15245.29157184	1.0	1.913516	60	60	6100.0
957.912126336	-7035.75423936	1.0	38.642707	60	60	1800.0
-333.83105395200005	-15495.05371392	1.0	1.920457	60	60	3800.0
-6998.676562944001	-14648.694876288002	1.0	0.407861	60	60	3900.0
1930.334098176	9948.164764032	1.0	25.065897	60	60	2300.0
-8596.486394496	3126.934470528	1.0	1.352072	60	60	2300.0
-8776.44484992	13268.3573088	1.0	2.146539	60	60	4100.0
227.928172032	-12431.926514304	1.0	53.729904	60	60	3800.0
-2577.852047232	-15952.96036224	1.0	19.157311	60	60	3400.0
-586.8939605759999	10704.702894336	1.0	2.119449	60	60	2500.0
-4776.936937344	13488.438319488	1.0	1.543865	60	60	3600.0
-9628.460531712	-1154.224735488	1.0	1.306896	60	60	2800.0
-7090.092130176001	-1832.611511808	1.0	40.542166	60	60	2200.0
-9551.089709568	9603.483512832	1.0	4.660835	60	60	4100.0
2986.850731392	1063.795696128	1.0	2.104797	60	60	1200.0
11483.416175616	4726.783340928	1.0	18.955447	60	60	3600.0
-15822.4264704	-6218.123801472	1.0	1.234782	60	60	5200.0
-5920.000872192	-9218.95812288	1.0	0.389518	60	60	2900.0
-13046.443255296	-11622.429700992	1.0	45.742407	60	60	5500.0
-1034.537822208	9725.320509696	1.0	0.86582	60	60	2100.0
-794.290121856	9191.562259968	1.0	2.178119	60	60	1800.0
9988.131212928	-6258.729159936	1.0	1.149308	60	60	3100.0
-14835.911473152	12763.15204032	1.0	0.793769	60	60	5600.0
2695.493484288	6723.6058771200005	1.0	1.952244	60	60	1700.0
10620.405455616	11275.004518272	1.0	0.402011	60	60	3200.0
13695.797465856	-7199.868703104001	1.0	0.969089	60	60	4900.0
1731.353196672	-4498.689406464	1.0	2.216936	60	60	1500.0
-14335.170524928002	-10624.097290752	1.0	32.383446	60	60	4400.0
2492.247821184	5406.2692992	1.0	1.258134	60	60	1600.0
12278.234162304	15662.639532672	1.0	2.173221	60	60	5500.0
5364.236452608	-7215.76741248	1.0	0.803127	60	60	2500.0
637.765324416	3336.646477824	1.0	0.482291	60	60	1200.0
14043.541298688002	-3229.142298624	1.0	2.045847	60	60	3000.0
3244.9911183360005	-14983.506020736	1.0	0.618476	60	60	3600.0
2532.291518592	-15340.9509792	1.0	25.107939	60	60	3000.0
14504.507309952	15790.044859776	1.0	1.408455	60	60	6200.0
12783.910968576	9110.258201088	1.0	2.033089	60	60	3900.0
9836.775628416	1246.797421056	1.0	56.596661	60	60	2200.0
9534.664744704	1016.262111744	1.0	0.461191	60	60	1900.0
2255.20593408	-6754.025697408	1.0	0.448764	60	60	1600.0
8617.584894336002	-133.829828352	1.0	1.534264	60	60	1900.0
2023.222215168	1737.98691264	1.0	0.895788	60	60	1200.0
-1215.804674304	-7364.53517184	1.0	33.099754	60	60	1800.0
-5959.717872768	-6001.583347584	1.0	1.544592	60	60	2500.0
15890.448613248	-3654.350295552	1.0	1.092711	60	60	4800.0
12764.5521696	-5703.1015345920005	1.0	1.666001	60	60	2700.0
-6194.645081856001	14177.728401408	1.0	0.332618	60	60	4800.0
-8192.13227712	13208.085766656	1.0	1.707596	60	60	3900.0
10986.833772288	15718.725171072	1.0	0.241236	60	60	3900.0
-14350.774724352	3013.8136807680003	1.0	0.800162	60	60	4500.0
7213.950463104001	12971.916144	1.0	1.241439	60	60	3500.0
13718.782116864002	12661.011804672	1.0	1.750789	60	60	3800.0
-15105.397735296	-7760.702556288	1.0	1.637837	60	60	4000.0
-14303.987875584	533.3639604480001	1.0	1.726561	60	60	4500.0
-10164.434848128	5658.2346332160005	1.0	1.622592	60	60	3000.0
-11690.384251392	-197.625833856	1.0	0.658643	60	60	3700.0
-1023.388286976	-12242.405336832	1.0	2.022173	60	60	3400.0
-10160.594953344	13019.44007232	1.0	0.580461	60	60	4500.0
4822.18203456	6554.605444992	1.0	0.800843	60	60	2600.0
-4277.132627328	2317.8963202560003	1.0	2.158599	60	60	1200.0
6243.07989888	823.070020608	1.0	0.833355	60	60	1400.0
1407.64491648	-8598.593025792	1.0	1.156073	60	60	2300.0
10128.457963008	8230.175559936	1.0	1.804336	60	60	2700.0
13452.987689856	-3064.170054528	1.0	2.087425	60	60	3400.0
11438.383511808	13256.192277504002	1.0	0.651666	60	60	5400.0
-3352.7125589760003	-13188.627188352	1.0	1.477372	60	60	3600.0
-0.983309184	11959.334601984	1.0	2.239823	60	60	3600.0
732.457516032	-12432.790732032	1.0	0.719967	60	60	3100.0
-4088.037926016	5342.276953728	1.0	0.38713	60	60	2100.0
-3074.476293504	13042.92040128	1.0	1.000333	60	60	4200.0
-6555.674049408	7688.961219456	1.0	2.253134	60	60	2100.0
10009.530660096	-2708.648262144	1.0	1.741998	60	60	3100.0
-9409.211551872	2528.37598464	1.0	43.919386	60	60	2000.0
-6636.155733504001	-11823.452860032	1.0	2.050938	60	60	3700.0
5511.060124416001	12332.708847360002	1.0	0.829476	60	60	3200.0
14275.365692544	12192.087587328	1.0	1.72498	60	60	5600.0
-8860.668258816	2246.09704704	1.0	28.390286	60	60	2400.0
-4172.365942272	-5837.089078656	1.0	1.363094	60	60	1700.0
-14536.773047808	-4972.618683648	1.0	5.718237	60	60	4600.0
14176.418395392002	6721.029317376	1.0	48.09538	60	60	5000.0
-2026.981642752	2454.803214336	1.0	31.087864	60	60	1200.0
-10301.987089152	-1578.994990848	1.0	56.238989	60	60	2700.0
-2137.456670976	16016.804648064002	1.0	1.560919	60	60	3400.0
-6202.686973824	-2766.568552704	1.0	1.35824	60	60	2000.0
3265.169073408	-15476.982390144	1.0	42.585695	60	60	4500.0
1614.8157696	15104.588235264	1.0	0.761446	60	60	3000.0
6349.048763904	-783.4882049280001	1.0	0.48091	60	60	1700.0
-6612.90715008	-11620.205587584	1.0	1.791121	60	60	4000.0
-7869.375119232	-4746.410900352	1.0	0.766506	60	60	2800.0
-13319.312358528	-7777.716541056001	1.0	1.847761	60	60	3000.0
1198.006939008	-6223.9013464320005	1.0	2.17844	60	60	1300.0
-7858.269036287999	-6879.3050810879995	1.0	48.730567	60	60	3200.0
-8455.96813248	6736.464535679999	1.0	2.000005	60	60	2600.0
-3016.65900096	-13570.872137856	1.0	43.619211	60	60	3700.0
-14262.9319008	-2998.180513152	1.0	1.703221	60	60	4300.0
-10086.486271488	397.367955072	1.0	0.934932	60	60	2800.0
-2813.385979008	-13806.515505024	1.0	1.790966	60	60	4300.0
-11998.267852032	-15384.126460032	1.0	0.667518	60	60	4900.0
6753.444724224	1469.474303616	1.0	0.700617	60	60	2200.0
-13249.460391552	-10282.28389056	1.0	2.000379	60	60	5100.0
6622.352390016	-13648.352395392	1.0	18.52892	60	60	3100.0
-13402.446241536	-7267.795894656	1.0	13.549998	60	60	4600.0
-4084.82084736	852.62240448	1.0	1.534531	60	60	1200.0
2803.604386176	12322.652056704	1.0	1.233726	60	60	3500.0
1693.969744896	-14459.268650112	1.0	1.16251	60	60	4300.0
-4396.357658880001	-445.109144832	1.0	1.760981	60	60	1300.0
-7146.362843136	11810.4928128	1.0	25.586748	60	60	3900.0
4568.954974848	-3974.378006016	1.0	44.287282	60	60	1600.0
-8820.416956032	-268.338799872	1.0	1.781712	60	60	1900.0
12314.8209888	11075.769340416002	1.0	0.860917	60	60	5100.0
8583.463582848	3844.37680704	1.0	0.622747	60	60	2300.0
5558.427946368	-13763.958012288	1.0	1.614056	60	60	3900.0
6215.328370944	4515.362210304	1.0	1.052072	60	60	2100.0
-3160.030629888	-12875.770714752	1.0	1.145852	60	60	2800.0
15509.083974912	15063.617555712002	1.0	1.64185	60	60	5700.0
7493.271426432	-15044.96847744	1.0	0.311152	60	60	5100.0
-15262.975043712002	8342.559270144	1.0	1.096615	60	60	3700.0
5471.887082112	6193.009988352001	1.0	0.417216	60	60	2100.0
-6032.291240448	-7605.267284736	1.0	0.976204	60	60	2900.0
6659.331896448	5873.436112896	1.0	1.828593	60	60	2100.0
-14931.314994816	9057.819336192	1.0	0.652217	60	60	3400.0
10095.899324544	14350.901862528	1.0	1.871534	60	60	5100.0
-1679.995810944	13030.058524032002	1.0	1.683217	60	60	3600.0
-13263.743319552	8403.574329216	1.0	1.030548	60	60	3500.0
13946.147018496002	2596.476985344	1.0	0.577266	60	60	3000.0
4394.1802164480005	7714.92959424	1.0	0.61093	60	60	2200.0
-9596.339634816	-8366.293875456	1.0	22.306391	60	60	2900.0
6664.739292288	5822.66291904	1.0	1.567371	60	60	2500.0
-12701.201952384	-6984.121655808	1.0	0.254837	60	60	4600.0
14020.434337536	8982.468240768	1.0	24.10074	60	60	4900.0
13619.261893248	-10778.311070208	1.0	1.808703	60	60	4300.0
-1541.795004288	10364.210765568	1.0	0.715949	60	60	2100.0
-3272.7619584	15797.816381952	1.0	0.742542	60	60	5000.0
-11664.889023744	10190.345286528	1.0	29.159149	60	60	3900.0
-5876.283042432	12335.703836544	1.0	48.939092	60	60	3200.0
-10213.881942528002	-1710.117902592	1.0	14.110524	60	60	2400.0
-13807.505251584002	-9697.305049344	1.0	45.488554	60	60	4800.0
13131.564678144	-11425.895002368	1.0	0.54646	60	60	4700.0
14019.479996544002	-5747.181466752	1.0	0.652906	60	60	4800.0
-6627.193296768	-11098.763647488	1.0	1.069043	60	60	3600.0
1791.066296448	10105.780696704	1.0	1.281096	60	60	2900.0
-3246.4186064640003	-11699.481873024	1.0	34.493498	60	60	3500.0
1987.469028864	-7915.708132992001	1.0	1.977483	60	60	2300.0
9810.936001152	14007.598209792	1.0	2.174199	60	60	4600.0
684.996352128	-13825.671526656	1.0	1.433827	60	60	4300.0
-486.44353612799995	-4179.524304384	1.0	1.782885	60	60	1200.0
-13756.592044800002	-13279.127038848	1.0	52.410574	60	60	4200.0
-11332.44522432	-4799.67535872	1.0	1.155232	60	60	2500.0
-4684.620137472	-8389.088623872	1.0	43.162718	60	60	2300.0
668.043522432	-11325.341579904	1.0	48.360114	60	60	2700.0
11334.975113088	-8706.435167232	1.0	1.361608	60	60	4400.0
140.048333568	15611.101900416	1.0	0.707523	60	60	3200.0
-10996.834235904002	-2836.9306817280003	1.0	0.433166	60	60	3300.0
15271.826435712	13368.041685504	1.0	2.138775	60	60	5700.0
-7175.060665344001	5038.979983488	1.0	1.253844	60	60	2000.0
7787.908516608	14988.023449344002	1.0	2.253605	60	60	5300.0
-2157.88085568	12463.946022528	1.0	0.318238	60	60	2500.0
-11795.796283392	14046.994950912002	1.0	0.394005	60	60	5100.0
12430.722724992	-14034.615876864	1.0	2.031255	60	60	5400.0
15871.822065792	-2444.036702976	1.0	0.389395	60	60	4100.0
5530.608825984001	-14983.296806016	1.0	1.606891	60	60	5000.0
14483.487667968002	1532.299874688	1.0	0.867414	60	60	3900.0
6801.889197312001	-8707.970481408	1.0	0.995749	60	60	2500.0
3633.798972672	-1745.10825984	1.0	12.013126	60	60	1200.0
3872.29087872	-3530.374480512	1.0	27.221674	60	60	1200.0
-3592.26502272	13948.810482816	1.0	1.095647	60	60	4000.0
-12187.645797888	-14701.758166656	1.0	1.257168	60	60	5100.0
4656.818719872001	11474.176931712002	1.0	2.106683	60	60	3500.0
-6006.406551552001	11033.100802944	1.0	0.496304	60	60	3700.0
232.38122688	2759.5502035199997	1.0	1.726329	60	60	1200.0
6738.407013888001	-10353.849808896	1.0	0.66162	60	60	3500.0
-12948.657904512002	8049.195171072	1.0	0.617855	60	60	3700.0
-10477.066013568	-14222.518054272	1.0	0.808595	60	60	4400.0
2958.420060288	-2493.334128384	1.0	0.829465	60	60	1200.0
-15683.742860544	7383.309778944	1.0	59.262219	60	60	4800.0
-7283.702650752	207.79849728	1.0	21.218893	60	60	1900.0
2986.1667601920003	11186.474504832	1.0	16.297748	60	60	3300.0
-15128.781503616	15916.531251456	1.0	2.201429	60	60	4300.0
-10780.369421184	-12350.868685056	1.0	21.650255	60	60	3600.0
-7227.811742976	6076.612574208	1.0	1.815881	60	60	2200.0
5037.064864128	-3210.433674624	1.0	1.877358	60	60	1200.0
-15257.260263168002	-5159.416851072	1.0	54.731093	60	60	4000.0
4639.07087424	7223.654807424001	1.0	0.67132	60	60	2500.0
9659.995627392002	-5981.4601102080005	1.0	1.694119	60	60	2600.0
-4321.389587328	512.236492416	1.0	1.166137	60	60	1300.0
-4583.582302464	13905.853872768	1.0	20.641979	60	60	3900.0
-10121.986790784	-5604.482543616	1.0	1.683105	60	60	2800.0
-1686.064647168	-248.035315968	1.0	0.507377	60	60	1200.0
-8599.101578496	2371.656456576	1.0	0.582577	60	60	2000.0
4924.320660864	-2879.674858368	1.0	1.468757	60	60	1700.0
-2499.145469568	1347.252673536	1.0	0.947262	60	60	1200.0
-9351.395868672	7433.909163648	1.0	1.427539	60	60	3500.0
7936.483154688	654.8131054080001	1.0	1.887989	60	60	2300.0
13292.302738176	9281.308937472	1.0	52.602524	60	60	4800.0
-5874.639902208	13386.512126592	1.0	0.841949	60	60	3600.0
-7090.201565568001	7556.468755968	1.0	0.839652	60	60	2400.0
-6880.648883328	3168.375078528	1.0	48.026095	60	60	1800.0
-10347.666709248	12227.633168256	1.0	1.269228	60	60	4600.0
814.228284672	-7543.029124224	1.0	1.458018	60	60	2300.0
7244.581107456	-1629.394816896	1.0	0.33657	60	60	2200.0
14139.516137472	-10464.09952896	1.0	19.967573	60	60	4100.0
-3514.818561408	-10426.431223296	1.0	0.386638	60	60	3300.0
2111.866492032	13343.158008576002	1.0	1.916576	60	60	3700.0
7331.69650752	1124.250703488	1.0	1.825367	60	60	1900.0
-9243.091845504	14919.352740864	1.0	2.199656	60	60	4700.0
6981.957088128001	12140.7704352	1.0	7.780927	60	60	2700.0
13780.350790272	-15546.340288512	1.0	1.525271	60	60	4900.0
13298.970250368002	4736.980144512	1.0	1.885549	60	60	3500.0
-7274.075554944	14349.121928064	1.0	1.04713	60	60	3900.0
-7969.765997951999	385.47490291200006	1.0	0.752179	60	60	1700.0
-12751.881804288	10086.400976256	1.0	0.266978	60	60	4400.0
9214.020655488	-11011.6546848	1.0	0.638324	60	60	3300.0
-7989.435400320001	-10174.263111936	1.0	0.711498	60	60	3700.0
-13504.668553728	14006.695367808	1.0	19.790241	60	60	6200.0
-5183.96256576	3911.795445888	1.0	0.444086	60	60	1800.0
-3271.2668778240004	4840.599367296	1.0	0.401217	60	60	1800.0
659.7312606720001	-1576.234965888	1.0	1.568967	60	60	1200.0
12525.22662336	-15574.172283648	1.0	0.247397	60	60	6200.0
-1808.867250432	9137.023201152	1.0	1.8944	60	60	2300.0
-10629.882882432	1419.3384099840002	1.0	2.129024	60	60	2400.0
2416.539451392	2736.9035147520003	1.0	1.039243	60	60	1200.0
2015.96890176	-3744.922566528	1.0	0.932461	60	60	1300.0
-4442.074293888	2181.644429184	1.0	0.656015	60	60	1200.0
15671.468393856	-2354.5105056	1.0	2.200046	60	60	5000.0
9425.239008768	10585.56476736	1.0	0.899215	60	60	3100.0
-6818.438081664	2158.151225472	1.0	1.738807	60	60	1800.0
-13313.567000448002	-6903.300400128001	1.0	0.661837	60	60	3200.0
-12218.616013824	12418.387103232	1.0	1.722383	60	60	3600.0
3184.048479744	-10011.284845056	1.0	0.742812	60	60	3100.0
3039.8061957120003	350.508685824	1.0	0.636218	60	60	1200.0
-12114.842294016	-4750.6627872	1.0	0.208271	60	60	4100.0
-1754.894680704	11664.132632064	1.0	13.423321	60	60	3800.0
-8692.166723328	-10065.241321344	1.0	2.158268	60	60	3600.0
-11559.002235264	2223.199300608	1.0	0.488978	60	60	2500.0
4882.537262592	13639.183962624002	1.0	1.408013	60	60	4500.0
12980.09965824	4415.384932992	1.0	0.908751	60	60	3100.0
-13646.113797888	13713.625778688	1.0	0.262749	60	60	3900.0
4081.24005696	-9288.085885056	1.0	4.457381	60	60	2200.0
901.927876608	9811.906435584	1.0	1.630704	60	60	2100.0
7817.985546624001	10764.91006272	1.0	2.156939	60	60	2600.0
-710.75873088	2701.3482777599997	1.0	0.275175	60	60	1200.0
-15888.430495872	3285.3067948800003	1.0	1.562625	60	60	5000.0
-10259.989648128	-8019.889016832	1.0	1.761018	60	60	3800.0
-14718.419705088	6481.547664768001	1.0	37.548229	60	60	4800.0
-3794.266662912	13737.283135488	1.0	1.096971	60	60	3000.0
-6623.19085824	-12983.611246848	1.0	0.421918	60	60	3500.0
1352.42027712	14250.382236288002	1.0	49.070832	60	60	3000.0
-5475.174971904	10069.564019328	1.0	0.799113	60	60	2400.0
-6814.142742528	-7012.518530687999	1.0	0.550894	60	60	2100.0
335.73329856	8466.852125952	1.0	1.786271	60	60	2200.0
11062.305568512	-13490.449999488	1.0	0.381883	60	60	3800.0
2218.752683136	-15297.543752832	1.0	59.037717	60	60	4900.0
-13370.114520576002	4058.363232	1.0	0.94299	60	60	3600.0
-9305.827293312	-8053.764098688	1.0	1.1391	60	60	3200.0
2773.72852416	-8164.7653824	1.0	1.38637	60	60	2400.0
-4529.720777472	14837.643127296002	1.0	34.708078	60	60	4800.0
-7604.393410944001	1680.6057523200002	1.0	0.926581	60	60	1700.0
4527.657598464	14191.50921408	1.0	2.190731	60	60	3000.0
2839.536209664	13180.13307072	1.0	1.756065	60	60	3900.0
-14872.198961664	-1923.204704256	1.0	0.979008	60	60	4700.0
-9670.968134784	1936.2532654080003	1.0	0.563818	60	60	2600.0
10.953195264	-6881.600005632001	1.0	1.856671	60	60	2100.0
3683.959006464	2954.3081863680004	1.0	2.030884	60	60	1300.0
2642.082575616	-2402.148697344	1.0	0.911859	60	60	1200.0
-11290.518594432	-9513.08183232	1.0	1.939664	60	60	4000.0
-15937.731139968	-2404.707554304	1.0	1.353557	60	60	3600.0
7700.844615552	-554.6475348480001	1.0	2.251163	60	60	1500.0
14302.415546496002	-13776.40306944	1.0	20.839837	60	60	5900.0
2239.2734284800003	12240.802430208	1.0	0.661622	60	60	2600.0
4316.6227104	-9253.489817088	1.0	2.050073	60	60	2700.0
11384.446347648	15402.442404096	1.0	1.150438	60	60	3900.0
-5670.666815616	5506.367277312001	1.0	1.062854	60	60	2500.0
-7458.863651712	5106.363216768001	1.0	0.694331	60	60	2200.0
1439.567864064	9849.262528512	1.0	31.733887	60	60	2500.0
8111.336770944	-13595.120123904	1.0	1.212608	60	60	4900.0
-9398.354917248	8620.061674752002	1.0	0.420247	60	60	3500.0
-7062.800874623999	8158.221789696	1.0	11.327278	60	60	2400.0
12781.854226944	12874.241837952	1.0	0.366771	60	60	5400.0
1513.100400768	-13780.654956288	1.0	0.680741	60	60	3500.0
-6845.858084736	8325.622533888	1.0	0.378641	60	60	3000.0
4279.953807360001	2403.447437952	1.0	0.834654	60	60	1300.0
-10679.458724352	3865.505884416	1.0	5.899988	60	60	2900.0
3904.571100672	-6407.604745344001	1.0	7.574501	60	60	1400.0
-4348.790278272	8591.421788928	1.0	29.915405	60	60	2300.0
-12772.407377664	2319.005158272	1.0	29.525976	60	60	2700.0
-13122.426822912	6196.740447744	1.0	0.657601	60	60	3500.0
-2193.571277568	-812.604456576	1.0	1.160596	60	60	1200.0
-15373.464556032	-7843.10579712	1.0	0.306475	60	60	4800.0
-5061.036043008001	-2689.007827968	1.0	2.260063	60	60	1300.0
10875.883987584	7929.138108672	1.0	1.947201	60	60	3000.0
-12168.599211648	11320.03718208	1.0	0.87248	60	60	3500.0
5953.858251264	-8339.900633856	1.0	2.004455	60	60	2300.0
2517.93134208	-8561.821124736001	1.0	2.06238	60	60	2300.0
-933.319740672	13070.62525824	1.0	12.757691	60	60	3000.0
10184.633724672	-3313.222475904	1.0	2.031446	60	60	2100.0
8938.492915968	-6800.051326463999	1.0	41.441247	60	60	2600.0
7072.413486336	-5134.5669703680005	1.0	1.586483	60	60	2300.0
14016.557427840002	-4068.53428608	1.0	31.799972	60	60	4700.0
15770.834120448002	12940.94431872	1.0	0.623644	60	60	4800.0
-1366.122231936	-15301.758624768	1.0	2.156171	60	60	3100.0
-6020.5961376000005	13015.535803776	1.0	1.215862	60	60	4300.0
208.307049984	8210.60754624	1.0	0.336156	60	60	2000.0
-11246.068513152	2711.483926272	1.0	0.418409	60	60	3600.0
12398.815870848	2367.388476288	1.0	1.671814	60	60	3600.0
-10835.241614208002	9488.78073792	1.0	2.202989	60	60	4200.0
-15864.095605248	14630.292027648002	1.0	0.99183	60	60	5400.0
3476.7318263039997	13943.95187328	1.0	3.069115	60	60	3500.0
8720.188621056	3834.860755968	1.0	1.800067	60	60	2800.0
-13236.054556032	4383.65993472	1.0	0.64619	60	60	3300.0
4334.938654464	-2004.55060608	1.0	0.567879	60	60	1400.0
1078.2910575360002	10558.373291136	1.0	15.399021	60	60	2200.0
2784.570674688	10578.150519552	1.0	1.904423	60	60	2200.0
15171.841111680002	121.003356672	1.0	1.337096	60	60	3700.0
13840.239308544	7816.401952128001	1.0	1.308865	60	60	4800.0
-450.088455168	9836.06107968	1.0	0.62892	60	60	2000.0
135.791618688	15716.530025856	1.0	7.488238	60	60	4200.0
-11262.907079424	-11062.709513856002	1.0	0.724985	60	60	3300.0
-11976.844264704	-4125.361832064001	1.0	49.935812	60	60	3700.0
-11424.768461568	3730.293629568	1.0	0.907471	60	60	3700.0
-9481.459832064	-5014.1381495040005	1.0	0.316705	60	60	2900.0
-12359.211524352	4262.931775872	1.0	0.796528	60	60	3300.0
4236.13137024	23.058680832	1.0	1.06895	60	60	1200.0
15903.917213184002	-2739.525136128	1.0	1.540466	60	60	4700.0
-693.5789836800001	-6424.938989568	1.0	0.522399	60	60	1700.0
-8494.618137984002	-11167.225141248	1.0	2.065703	60	60	3900.0
-5203.43562816	15288.257837952	1.0	1.227582	60	60	3600.0
635.088985344	263.262928896	1.0	8.332772	60	60	1200.0
-2426.539915008	8260.712862336	1.0	1.758148	60	60	1700.0
-11505.6830592	-9269.559116928	1.0	47.701299	60	60	3900.0
5909.504730624	-5970.804643584001	1.0	2.069318	60	60	1800.0
-9454.081671936	13979.565046656	1.0	1.957973	60	60	3600.0
12606.437340288	-14937.696043776	1.0	1.464568	60	60	4600.0
14132.274089472	-12204.60506496	1.0	20.431197	60	60	5000.0
-655.464889728	3924.559153152	1.0	1.664843	60	60	1200.0
806.6514931199999	-14947.577415936	1.0	0.843683	60	60	4600.0
3450.950135424001	-3.096377856	1.0	0.931264	60	60	1200.0
-6352.584492672	-5240.242934784001	1.0	1.434843	60	60	2600.0
7314.622977024001	-8526.89996928	1.0	27.130047	60	60	3200.0
486.19730649600007	-8835.313044096	1.0	1.165801	60	60	2400.0
-10777.818610944	1178.166946176	1.0	0.600118	60	60	3500.0
-6040.89801216	10400.419396224	1.0	0.249755	60	60	3300.0
6799.648990464	-11943.081836928	1.0	1.221964	60	60	3300.0
6354.979196544	-5269.848427008001	1.0	0.666964	60	60	1900.0
